0.001, 0.999808613927393, 1.11483349347388, 1.11126177412184, 0.0000903978064392692, 0.666612173861509
0.00125892541179417, 0.999759041405988, 1.11483228609076, 1.1113008096981, 0.00011381915219168, 0.666598058969376
0.00158489319246111, 0.999696677257152, 1.11483077133193, 1.11134990962826, 0.000143279110291962, 0.666580303963572
0.00199526231496888, 0.999618189111099, 1.11482885123932, 1.1114117165869, 0.000180363285470689, 0.666557957913315
0.00251188643150958, 0.999519395626911, 1.11482643571249, 1.11148953330617, 0.000227053317037524, 0.666529829889263
0.00316227766016838, 0.999395038594442, 1.11482339421608, 1.1115874899278, 0.000285827290014449, 0.666494426171856
0.00398107170553497, 0.999238504977172, 1.11481953899484, 1.11171085812863, 0.000359848210512206, 0.666449857282556
0.00501187233627272, 0.999041566515089, 1.11481481553419, 1.11186606042343, 0.000452969587390863, 0.666393793890972
0.00630957344480193, 0.998793697958833, 1.11480866604885, 1.11206154689687, 0.000570261471456968, 0.666323222935502
0.00794328234724282, 0.998481866943572, 1.11480108217268, 1.11230754542373, 0.000717860587571553, 0.666234451795674
0.01, 0.998089531372427, 1.11479142003937, 1.11261734736097, 0.000903741749913364, 0.666122751433825
0.0125892541179417, 0.997596033492517, 1.11477932882107, 1.113007366347, 0.00113775314153221, 0.665982251076815
0.0158489319246111, 0.996975469563913, 1.11476418060706, 1.11349837035117, 0.00143235554403786, 0.665805572425377
0.0199526231496888, 0.996195268211948, 1.11474501206177, 1.1141165651287, 0.00180327241055391, 0.665583441841319
0.0251188643150958, 0.995214737701295, 1.11472094089741, 1.1148949068275, 0.00227027742983214, 0.665304269561006
0.0316227766016838, 0.993983041122578, 1.1146908156993, 1.11587481741164, 0.00285822378031714, 0.664953583695754
0.0398107170553497, 0.992436609750276, 1.11465291050214, 1.117108656469, 0.00359852721473319, 0.664513274087775
0.0501187233627272, 0.990496475114345, 1.11460534004211, 1.11866215192555, 0.00453062448866061, 0.66396085395587
0.0630957344480193, 0.988064497856118, 1.11454561570707, 1.12061829731166, 0.00570431172033035, 0.663268359335462
0.0794328234724282, 0.985019437512958, 1.11447104946146, 1.12308135719423, 0.00718214764986832, 0.662401267492608
0.1, 0.98121192939613, 1.11437779757712, 1.12618304147228, 0.00904315821670032, 0.661317007885611
0.125892541179417, 0.976459294300506, 1.11426195561863, 1.13008928338541, 0.0113869033645811, 0.659963503810839
0.158489319246111, 0.970539800207962, 1.11411717403841, 1.13500908364176, 0.0143387835183905, 0.658277543345203
0.199526231496888, 0.963186753285123, 1.11393739364843, 1.14120606075231, 0.018056969784717, 0.656183067022243
0.251188643150958, 0.95408356713002, 1.11371493410458, 1.14901273689238, 0.0227409754687594, 0.653589730106191
0.316227766016838, 0.942860375847512, 1.11344077160433, 1.15884863716499, 0.0286425156323298, 0.650391922711006
0.398107170553497, 0.929094075410297, 1.11310473176301, 1.17124342887301, 0.0360793906571404, 0.646468725542392
0.501187233627272, 0.912314289251617, 1.11269545972687, 1.18686583872159, 0.0454528365662893, 0.641685563470325
0.630957344480193, 0.892017789843443, 1.11220089095265, 1.2065605648786, 0.0572696722604909, 0.635898240021859
0.794328234724282, 0.867694597493749, 1.11160889166517, 1.23139515823411, 0.0721704282737992, 0.628960293570962
1., 0.838869312818246, 1.11090827898192, 1.26271856186604, 0.090964470452957, 0.620734726431437
1.25892541179417, 0.805157919377658, 1.11009025722178, 1.30223603909652, 0.114674956791248, 0.611110124159252
1.58489319246111, 0.766339242239197, 1.10915002062788, 1.35210206106712, 0.144594569973603, 0.600021083743498
1.99526231496888, 0.722432241356507, 1.10808876938362, 1.41503794796531, 0.182356102112521, 0.587470391665872
2.51188643150958, 0.673766412254574, 1.10691529441918, 1.49447865984486, 0.230020529240248, 0.573549375359654
3.16227766016838, 0.621026003167477, 1.10564683894935, 1.59475580634849, 0.290186817142427, 0.558450944055783
3.98107170553497, 0.565247948112268, 1.10430900629854, 1.72132689445547, 0.366129470006614, 0.542469508435877
5.01187233627273, 0.507761408653898, 1.10293413855483, 1.88106210758227, 0.461970597882696, 0.525984191057916
6.30957344480194, 0.450070676442091, 1.10155839858998, 2.08260455565299, 0.582896066725128, 0.509425672645412
7.94328234724282, 0.393701150837286, 1.10021803357063, 2.33682324695989, 0.735427281509269, 0.493232216701047
10., 0.340040719670349, 1.09894563573691, 2.65738540063977, 0.927764573717196, 0.477804019945529
12.5892541179417, 0.290210848043414, 1.09776718651833, 3.06147797961366, 1.17022012110153, 0.463465831238317
15.8489319246111, 0.24499065921155, 1.09670033719357, 3.57072095501449, 1.47576590634203, 0.450444560976092
19.9526231496888, 0.204800608071154, 1.09575412677576, 4.21231530993026, 1.86072251929149, 0.438864158827879
25.1188643150958, 0.169736207006027, 1.09493027635277, 5.02049172762726, 2.34562836990969, 0.428754852195788
31.6227766016838, 0.139633104570207, 1.09422418253481, 6.03833859330813, 2.95633648931821, 0.420071573555613
39.8107170553497, 0.114144167340742, 1.09362718092603, 7.32009582745276, 3.72539082980499, 0.412716119318392
50.1187233627273, 0.0928130212075516, 1.09312817321919, 8.93404734074973, 4.69376173778317, 0.406558284939909
63.0957344480194, 0.0751350848412247, 1.09271504977976, 10.9661595123993, 5.91302904077289, 0.40145352947843
79.4328234724282, 0.060602791836881, 1.09237572566496, 13.5246622952123, 7.44813071046073, 0.397256086551164
100., 0.0487355524337578, 1.09209882149273, 16.745814960975, 9.38082230991835, 0.393827702683095
125.892541179417, 0.0390970565539841, 1.09187404945619, 20.8011605601445, 11.81402966942, 0.391042729563391
158.489319246111, 0.0313031284800392, 1.09169237676644, 25.9066644224493, 14.8773319868029, 0.388790429424235
199.526231496888, 0.0250231550268755, 1.09154604653901, 32.3342199382777, 18.7338652963, 0.386975421947333
251.188643150958, 0.0199775385248939, 1.0914285151411, 40.4261108224609, 23.5889998268099, 0.385517051553196
316.227766016838, 0.0159329840591947, 1.09133432500327, 50.6132660682339, 29.7012929742736, 0.384347940469056
398.107170553497, 0.0126968553626728, 1.0912589770191, 63.4381858101703, 37.3962448194355, 0.383412464665577
501.187233627273, 0.0101113835324608, 1.09119878582521, 79.5838543582989, 47.0836459483127, 0.382665030016248
630.957344480194, 0.00804818147192608, 1.09115076035256, 99.9100770880091, 59.2793795861388, 0.382068562465546
794.328234724282, 0.00640329802466919, 1.09111247696532, 125.499294415114, 74.6329099824015, 0.381593025071039
1000., 0.00509290137407574, 1.09108197843284, 157.714255831052, 93.9618868319646, 0.381214161256364
1258.92541179417, 0.00404959713129566, 1.09105769903327, 198.270491140094, 118.29562801739, 0.380912523889206