0.0, 0.0 
0.01, 0.055677521 
0.010185914, 0.056380873 
0.010375284, 0.057093196 
0.010568175, 0.057814606 
0.010764652, 0.058545221 
0.010964782, 0.05928516 
0.011168632, 0.060034542 
0.011376273, 0.060793492 
0.011587774, 0.061562131 
0.011803206, 0.062340586 
0.012022644, 0.063128983 
0.012246162, 0.063927451 
0.012473835, 0.064736121 
0.012705741, 0.065555125 
0.012941958, 0.066384596 
0.013182567, 0.067224671 
0.01342765, 0.068075486 
0.013677288, 0.068937182 
0.013931568, 0.069809898 
0.014190575, 0.070693778 
0.014454398, 0.071588967 
0.014723125, 0.072495611 
0.014996848, 0.073413859 
0.015275661, 0.074343862 
0.015559656, 0.075285773 
0.015848932, 0.076239745 
0.016143586, 0.077205936 
0.016443717, 0.078184505 
0.016749429, 0.079175611 
0.017060824, 0.080179419 
0.017378008, 0.081196094 
0.01770109, 0.082225802 
0.018030177, 0.083268714 
0.018365383, 0.084325 
0.018706821, 0.085394836 
0.019054607, 0.086478397 
0.019408859, 0.087575863 
0.019769696, 0.088687414 
0.020137242, 0.089813234 
0.020511622, 0.090953509 
0.020892961, 0.092108426 
0.02128139, 0.093278178 
0.021677041, 0.094462958 
0.022080047, 0.095662961 
0.022490546, 0.096878386 
0.022908677, 0.098109435 
0.023334581, 0.099356311 
0.023768403, 0.10061922 
0.02421029, 0.10189837 
0.024660393, 0.10319398 
0.025118864, 0.10450626 
0.025585859, 0.10583543 
0.026061535, 0.10718171 
0.026546056, 0.10854532 
0.027039584, 0.10992649 
0.027542287, 0.11132545 
0.028054336, 0.11274243 
0.028575905, 0.11417767 
0.029107171, 0.11563141 
0.029648314, 0.11710388 
0.030199517, 0.11859535 
0.030760968, 0.12010604 
0.031332857, 0.12163622 
0.031915379, 0.12318614 
0.03250873, 0.12475607 
0.033113112, 0.12634625 
0.033728731, 0.12795696 
0.034355795, 0.12958848 
0.034994517, 0.13124106 
0.035645113, 0.13291499 
0.036307805, 0.13461054 
0.036982818, 0.13632801 
0.03767038, 0.13806768 
0.038370725, 0.13982984 
0.03908409, 0.14161479 
0.039810717, 0.14342283 
0.040550854, 0.14525425 
0.04130475, 0.14710938 
0.042072663, 0.14898851 
0.042854852, 0.15089197 
0.043651583, 0.15282008 
0.044463127, 0.15477317 
0.045289758, 0.15675155 
0.046131757, 0.15875556 
0.046989411, 0.16078555 
0.047863009, 0.16284186 
0.048752849, 0.16492482 
0.049659232, 0.1670348 
0.050582466, 0.16917216 
0.051522864, 0.17133724 
0.052480746, 0.17353042 
0.053456436, 0.17575207 
0.054450265, 0.17800256 
0.055462571, 0.18028228 
0.056493697, 0.18259162 
0.057543994, 0.18493096 
0.058613816, 0.1873007 
0.059703529, 0.18970124 
0.0608135, 0.192133 
0.061944108, 0.19459638 
0.063095734, 0.19709181 
0.064268772, 0.1996197 
0.065463617, 0.2021805 
0.066680677, 0.20477462 
0.067920363, 0.20740253 
0.069183097, 0.21006465 
0.070469307, 0.21276146 
0.071779429, 0.21549341 
0.073113908, 0.21826096 
0.074473197, 0.22106459 
0.075857758, 0.22390477 
0.077268059, 0.226782 
0.078704579, 0.22969677 
0.080167806, 0.23264956 
0.081658237, 0.2356409 
0.083176377, 0.23867129 
0.084722741, 0.24174126 
0.086297855, 0.24485132 
0.087902252, 0.24800201 
0.089536477, 0.25119388 
0.091201084, 0.25442747 
0.092896639, 0.25770334 
0.094623716, 0.26102206 
0.096382902, 0.26438418 
0.098174794, 0.2677903 
0.1, 0.27124099 
0.10185914, 0.27473686 
0.10375284, 0.27827851 
0.10568175, 0.28186654 
0.10764652, 0.28550158 
0.10964782, 0.28918426 
0.11168632, 0.29291521 
0.11376273, 0.29669508 
0.11587774, 0.30052452 
0.11803206, 0.3044042 
0.12022644, 0.30833478 
0.12246162, 0.31231695 
0.12473835, 0.3163514 
0.12705741, 0.32043883 
0.12941958, 0.32457995 
0.13182567, 0.32877548 
0.1342765, 0.33302615 
0.13677288, 0.33733269 
0.13931568, 0.34169586 
0.14190575, 0.34611642 
0.14454398, 0.35059514 
0.14723125, 0.35513279 
0.14996848, 0.35973018 
0.15275661, 0.36438809 
0.15559656, 0.36910736 
0.15848932, 0.37388879 
0.16143586, 0.37873322 
0.16443717, 0.38364152 
0.16749429, 0.38861452 
0.17060824, 0.39365311 
0.17378008, 0.39875816 
0.1770109, 0.40393058 
0.18030177, 0.40917127 
0.18365383, 0.41448114 
0.18706821, 0.41986114 
0.19054607, 0.4253122 
0.19408859, 0.43083529 
0.19769696, 0.43643138 
0.20137242, 0.44210145 
0.20511622, 0.4478465 
0.20892961, 0.45366755 
0.2128139, 0.45956562 
0.21677041, 0.46554175 
0.22080047, 0.471597 
0.22490546, 0.47773243 
0.22908677, 0.48394914 
0.23334581, 0.49024822 
0.23768403, 0.49663078 
0.2421029, 0.50309796 
0.24660393, 0.5096509 
0.25118864, 0.51629077 
0.25585859, 0.52301874 
0.26061535, 0.529836 
0.26546056, 0.53674377 
0.27039584, 0.54374328 
0.27542287, 0.55083577 
0.28054336, 0.5580225 
0.28575905, 0.56530474 
0.29107171, 0.57268381 
0.29648314, 0.58016101 
0.30199517, 0.58773768 
0.30760968, 0.59541517 
0.31332857, 0.60319485 
0.31915379, 0.61107811 
0.3250873, 0.61906636 
0.33113112, 0.62716103 
0.33728731, 0.63536356 
0.34355795, 0.64367544 
0.34994517, 0.65209814 
0.35645113, 0.66063318 
0.36307805, 0.66928208 
0.36982818, 0.67804641 
0.3767038, 0.68692773 
0.38370725, 0.69592765 
0.3908409, 0.70504777 
0.39810717, 0.71428975 
0.40550854, 0.72365524 
0.4130475, 0.73314594 
0.42072663, 0.74276356 
0.42854852, 0.75250982 
0.43651583, 0.7623865 
0.44463127, 0.77239536 
0.45289758, 0.78253823 
0.46131757, 0.79281694 
0.46989411, 0.80323334 
0.47863009, 0.81378933 
0.48752849, 0.82448681 
0.49659232, 0.83532773 
0.50582466, 0.84631404 
0.51522864, 0.85744776 
0.52480746, 0.86873088 
0.53456436, 0.88016548 
0.54450265, 0.89175362 
0.55462571, 0.90349742 
0.56493697, 0.91539901 
0.57543994, 0.92746056 
0.58613816, 0.93968427 
0.59703529, 0.95207237 
0.608135, 0.96462712 
0.61944108, 0.97735081 
0.63095734, 0.99024577 
0.64268772, 1.0033143 
0.65463617, 1.0165589 
0.66680677, 1.029982 
0.67920363, 1.0435859 
0.69183097, 1.0573732 
0.70469307, 1.0713465 
0.71779429, 1.0855082 
0.73113908, 1.099861 
0.74473197, 1.1144076 
0.75857758, 1.1291505 
0.77268059, 1.1440925 
0.78704579, 1.1592364 
0.80167806, 1.174585 
0.81658237, 1.190141 
0.83176377, 1.2059073 
0.84722741, 1.2218869 
0.86297855, 1.2380827 
0.87902252, 1.2544977 
0.89536477, 1.2711349 
0.91201084, 1.2879975 
0.92896639, 1.3050884 
0.94623716, 1.322411 
0.96382902, 1.3399683 
0.98174794, 1.3577637 
1., 1.3758004 
1.0185914, 1.3940819 
1.0375284, 1.4126114 
1.0568175, 1.4313925 
1.0764652, 1.4504287 
1.0964782, 1.4697233 
1.1168632, 1.4892802 
1.1376273, 1.5091029 
1.1587774, 1.5291951 
1.1803206, 1.5495605 
1.2022644, 1.570203 
1.2246162, 1.5911264 
1.2473835, 1.6123346 
1.2705741, 1.6338316 
1.2941958, 1.6556214 
1.3182567, 1.6777081 
1.342765, 1.7000958 
1.3677288, 1.7227887 
1.3931568, 1.7457911 
1.4190575, 1.7691072 
1.4454398, 1.7927416 
1.4723125, 1.8166985 
1.4996848, 1.8409825 
1.5275661, 1.8655982 
1.5559656, 1.8905503 
1.5848932, 1.9158433 
1.6143586, 1.9414821 
1.6443717, 1.9674714 
1.6749429, 1.9938163 
1.7060824, 2.0205217 
1.7378008, 2.0475926 
1.770109, 2.0750341 
1.8030177, 2.1028514 
1.8365383, 2.1310499 
1.8706821, 2.1596347 
1.9054607, 2.1886114 
1.9408859, 2.2179854 
1.9769696, 2.2477623 
2.0137242, 2.2779478 
2.0511622, 2.3085475 
2.0892961, 2.3395674 
2.128139, 2.3710132 
2.1677041, 2.4028909 
2.2080047, 2.4352068 
2.2490546, 2.4679667 
2.2908677, 2.5011772 
2.3334581, 2.5348443 
2.3768403, 2.5689747 
2.421029, 2.6035747 
2.4660393, 2.6386511 
2.5118864, 2.6742104 
2.5585859, 2.7102595 
2.6061535, 2.7468053 
2.6546056, 2.7838548 
2.7039584, 2.8214151 
2.7542287, 2.8594933 
2.8054336, 2.8980968 
2.8575905, 2.937233 
2.9107171, 2.9769094 
2.9648314, 3.0171336 
3.0199517, 3.0579133 
3.0760968, 3.0992564 
3.1332857, 3.1411708 
3.1915379, 3.1836646 
3.250873, 3.226746 
3.3113112, 3.2704232 
3.3728731, 3.3147048 
3.4355795, 3.3595991 
3.4994517, 3.405115 
3.5645113, 3.4512612 
3.6307805, 3.4980465 
3.6982818, 3.5454801 
3.767038, 3.5935711 
3.8370725, 3.6423289 
3.908409, 3.6917628 
3.9810717, 3.7418825 
4.0550854, 3.7926976 
4.130475, 3.844218 
4.2072663, 3.8964537 
4.2854852, 3.9494149 
4.3651583, 4.0031118 
4.4463127, 4.0575549 
4.5289758, 4.1127547 
4.6131757, 4.1687221 
4.6989411, 4.2254678 
4.7863009, 4.283003 
4.8752849, 4.3413388 
4.9659232, 4.4004867 
5.0582466, 4.4604581 
5.1522864, 4.5212648 
5.2480746, 4.5829187 
5.3456436, 4.6454317 
5.4450265, 4.7088162 
5.5462571, 4.7730845 
5.6493697, 4.8382491 
5.7543994, 4.9043229 
5.8613816, 4.9713188 
5.9703529, 5.0392499 
6.08135, 5.1081295 
6.1944108, 5.1779712 
6.3095734, 5.2487887 
6.4268772, 5.3205958 
6.5463617, 5.3934067 
6.6680677, 5.4672357 
6.7920363, 5.5420973 
6.9183097, 5.6180062 
7.0469307, 5.6949775 
7.1779429, 5.7730261 
7.3113908, 5.8521677 
7.4473197, 5.9324176 
7.5857758, 6.0137918 
7.7268059, 6.0963064 
7.8704579, 6.1799776 
8.0167806, 6.2648219 
8.1658237, 6.3508562 
8.3176377, 6.4380974 
8.4722741, 6.5265628 
8.6297855, 6.6162699 
8.7902252, 6.7072365 
8.9536477, 6.7994806 
9.1201084, 6.8930205 
9.2896639, 6.9878748 
9.4623716, 7.0840622 
9.6382902, 7.1816019 
9.8174794, 7.2805132 
10., 7.3808158 
10.185914, 7.4825296 
10.375284, 7.5856749 
10.568175, 7.6902722 
10.764652, 7.7963423 
10.964782, 7.9039064 
11.168632, 8.0129858 
11.376273, 8.1236023 
11.587774, 8.2357781 
11.803206, 8.3495354 
12.022644, 8.4648969 
12.246162, 8.5818858 
12.473835, 8.7005254 
12.705741, 8.8208394 
12.941958, 8.9428519 
13.182567, 9.0665873 
13.42765, 9.1920703 
13.677288, 9.3193261 
13.931568, 9.4483803 
14.190575, 9.5792585 
14.454398, 9.7119872 
14.723125, 9.8465929 
14.996848, 9.9831027 
15.275661, 10.121544 
15.559656, 10.261944 
15.848932, 10.404332 
16.143586, 10.548737 
16.443717, 10.695186 
16.749429, 10.84371 
17.060824, 10.994338 
17.378008, 11.147102 
17.70109, 11.30203 
18.030177, 11.459156 
18.365383, 11.618511 
18.706821, 11.780126 
19.054607, 11.944034 
19.408859, 12.110269 
19.769696, 12.278864 
20.137242, 12.449853 
20.511622, 12.623271 
20.892961, 12.799153 
21.28139, 12.977533 
21.677041, 13.158449 
22.080047, 13.341938 
22.490546, 13.528035 
22.908677, 13.71678 
23.334581, 13.908209 
23.768403, 14.102363 
24.21029, 14.29928 
24.660393, 14.499 
25.118864, 14.701565 
25.585859, 14.907014 
26.061535, 15.11539 
26.546056, 15.326736 
27.039584, 15.541094 
27.542287, 15.758507 
28.054336, 15.979021 
28.575905, 16.202679 
29.107171, 16.429528 
29.648314, 16.659614 
30.199517, 16.892983 
30.760968, 17.129684 
31.332857, 17.369764 
31.915379, 17.613272 
32.50873, 17.860259 
33.113112, 18.110775 
33.728731, 18.36487 
34.355795, 18.622597 
34.994517, 18.884008 
35.645113, 19.149157 
36.307805, 19.418099 
36.982818, 19.690887 
37.67038, 19.967579 
38.370725, 20.24823 
39.08409, 20.532899 
39.810717, 20.821643 
40.550854, 21.114522 
41.30475, 21.411595 
42.072663, 21.712925 
42.854852, 22.018572 
43.651583, 22.328599 
44.463127, 22.64307 
45.289758, 22.96205 
46.131757, 23.285604 
46.989411, 23.613799 
47.863009, 23.946702 
48.752849, 24.284382 
49.659232, 24.626907 
50.582466, 24.97435 
51.522864, 25.326781 
52.480746, 25.684272 
53.456436, 26.046898 
54.450265, 26.414733 
55.462571, 26.787853 
56.493697, 27.166336 
57.543994, 27.550258 
58.613816, 27.9397 
59.703529, 28.334741 
60.8135, 28.735464 
61.944108, 29.141951 
63.095734, 29.554286 
64.268772, 29.972555 
65.463617, 30.396843 
66.680677, 30.827239 
67.920363, 31.263831 
69.183097, 31.706711 
70.469307, 32.155969 
71.779429, 32.611699 
73.113908, 33.073995 
74.473197, 33.542953 
75.857758, 34.01867 
77.268059, 34.501244 
78.704579, 34.990777 
80.167806, 35.487369 
81.658237, 35.991123 
83.176377, 36.502145 
84.722741, 37.020539 
86.297855, 37.546415 
87.902252, 38.07988 
89.536477, 38.621046 
91.201084, 39.170026 
92.896639, 39.726933 
94.623716, 40.291884 
96.382902, 40.864995 
98.174794, 41.446387 
100., 42.036179 
101.85914, 42.634496 
103.75284, 43.241461 
105.68175, 43.857202 
107.64652, 44.481845 
109.64782, 45.115522 
111.68632, 45.758365 
113.76273, 46.410508 
115.87774, 47.072086 
118.03206, 47.743238 
120.22644, 48.424104 
122.46162, 49.114826 
124.73835, 49.815548 
127.05741, 50.526416 
129.41958, 51.24758 
131.82567, 51.97919 
134.2765, 52.721398 
136.77288, 53.47436 
139.31568, 54.238234 
141.90575, 55.013178 
144.54398, 55.799356 
147.23125, 56.596932 
149.96848, 57.406073 
152.75661, 58.226948 
155.59656, 59.059729 
158.48932, 59.90459 
161.43586, 60.761709 
164.43717, 61.631266 
167.49429, 62.513442 
170.60824, 63.408422 
173.78008, 64.316394 
177.0109, 65.23755 
180.30177, 66.172081 
183.65383, 67.120184 
187.06821, 68.082059 
190.54607, 69.057906 
194.08859, 70.047932 
197.69696, 71.052343 
201.37242, 72.071351 
205.11622, 73.105171 
208.92961, 74.154019 
212.8139, 75.218116 
216.77041, 76.297685 
220.80047, 77.392955 
224.90546, 78.504155 
229.08677, 79.631518 
233.34581, 80.775283 
237.68403, 81.935691 
242.1029, 83.112984 
246.60393, 84.307412 
251.18864, 85.519226 
255.85859, 86.748681 
260.61535, 87.996036 
265.46056, 89.261555 
270.39584, 90.545504 
275.42287, 91.848153 
280.54336, 93.169778 
285.75905, 94.510657 
291.07171, 95.871073 
296.48314, 97.251314 
301.99517, 98.65167 
307.60968, 100.07244 
313.32857, 101.51392 
319.15379, 102.97641 
325.0873, 104.46023 
331.13112, 105.96568 
337.28731, 107.4931 
343.55795, 109.04279 
349.94517, 110.61508 
356.45113, 112.21032 
363.07805, 113.82883 
369.82818, 115.47096 
376.7038, 117.13706 
383.70725, 118.82747 
390.8409, 120.54257 
398.10717, 122.2827 
405.50854, 124.04823 
413.0475, 125.83955 
420.72663, 127.65703 
428.54852, 129.50105 
436.51583, 131.37201 
444.63127, 133.27031 
452.89758, 135.19633 
461.31757, 137.1505 
469.89411, 139.13323 
478.63009, 141.14493 
487.52849, 143.18604 
496.59232, 145.25699 
505.82466, 147.35821 
515.22864, 149.49015 
524.80746, 151.65327 
534.56436, 153.84802 
544.50265, 156.07487 
554.62571, 158.33429 
564.93697, 160.62676 
575.43994, 162.95277 
586.13816, 165.31282 
597.03529, 167.70739 
608.135, 170.13701 
619.44108, 172.60219 
630.95734, 175.10345 
642.68772, 177.64132 
654.63617, 180.21635 
666.80677, 182.82908 
679.20363, 185.48006 
691.83097, 188.16987 
704.69307, 190.89906 
717.79429, 193.66823 
731.13908, 196.47797 
744.73197, 199.32886 
758.57758, 202.22152 
772.68059, 205.15656 
787.04579, 208.1346 
801.67806, 211.15629 
816.58237, 214.22227 
831.76377, 217.33318 
847.22741, 220.48969 
862.97855, 223.69247 
879.02252, 226.94221 
895.36477, 230.2396 
912.01084, 233.58534 
928.96639, 236.98014 
946.23716, 240.42472 
963.82902, 243.91983 
981.74794, 247.4662 
1000., 251.0646 
1018.5914, 254.71579 
1037.5284, 258.42054 
1056.8175, 262.17965 
1076.4652, 265.99393 
1096.4782, 269.86418 
1116.8632, 273.79123 
1137.6273, 277.77592 
1158.7774, 281.8191 
1180.3206, 285.92164 
1202.2644, 290.0844 
1224.6162, 294.30828 
1247.3835, 298.59418 
1270.5741, 302.94301 
1294.1958, 307.35571 
1318.2567, 311.83322 
1342.765, 316.37648 
1367.7288, 320.98649 
1393.1568, 325.66421 
1419.0575, 330.41065 
1445.4398, 335.22683 
1472.3125, 340.11377 
1499.6848, 345.07251 
1527.5661, 350.10413 
1555.9656, 355.20969 
1584.8932, 360.39029 
1614.3586, 365.64703 
1644.3717, 370.98104 
1674.9429, 376.39346 
1706.0824, 381.88545 
1737.8008, 387.45818 
1770.109, 393.11285 
1803.0177, 398.85066 
1836.5383, 404.67285 
1870.6821, 410.58067 
1905.4607, 416.57536 
1940.8859, 422.65823 
1976.9696, 428.83057 
2013.7242, 435.0937 
2051.1622, 441.44897 
2089.2961, 447.89773 
2128.139, 454.44138 
2167.7041, 461.0813 
2208.0047, 467.81892 
2249.0546, 474.6557 
2290.8677, 481.59308 
2333.4581, 488.63256 
2376.8403, 495.77565 
2421.029, 503.02388 
2466.0393, 510.37881 
2511.8864, 517.842 
2558.5859, 525.41506 
2606.1535, 533.09961 
2654.6056, 540.89731 
2703.9584, 548.80982 
2754.2287, 556.83885 
2805.4336, 564.98611 
2857.5905, 573.25335 
2910.7171, 581.64234 
2964.8314, 590.15489 
3019.9517, 598.79283 
3076.0968, 607.558 
3133.2857, 616.45229 
3191.5379, 625.4776 
3250.873, 634.63588 
3311.3112, 643.92909 
3372.8731, 653.35923 
3435.5795, 662.92832 
3499.4517, 672.63841 
3564.5113, 682.49159 
3630.7805, 692.48998 
3698.2818, 702.63573 
3767.038, 712.931 
3837.0725, 723.37803 
3908.409, 733.97904 
3981.0717, 744.73632 
4055.0854, 755.65218 
4130.475, 766.72897 
4207.2663, 777.96906 
4285.4852, 789.37487 
4365.1583, 800.94885 
4446.3127, 812.6935 
4528.9758, 824.61133 
4613.1757, 836.7049 
4698.9411, 848.97683 
4786.3009, 861.42974 
4875.2849, 874.06631 
4965.9232, 886.88927 
5058.2466, 899.90136 
5152.2864, 913.10539 
5248.0746, 926.5042 
5345.6436, 940.10067 
5445.0265, 953.89772 
5546.2571, 967.89833 
5649.3697, 982.1055 
5754.3994, 996.52229 
5861.3816, 1011.1518 
5970.3529, 1025.9972 
6081.35, 1041.0617 
6194.4108, 1056.3484 
6309.5734, 1071.8608 
6426.8772, 1087.6021 
6546.3617, 1103.5757 
6668.0677, 1119.7851 
6792.0363, 1136.2338 
6918.3097, 1152.9252 
7046.9307, 1169.8631 
7177.9429, 1187.0509 
7311.3908, 1204.4926 
7447.3197, 1222.1917 
7585.7758, 1240.1521 
7726.8059, 1258.3777 
7870.4579, 1276.8724 
8016.7806, 1295.6402 
8165.8237, 1314.6851 
8317.6377, 1334.0112 
8472.2741, 1353.6228 
8629.7855, 1373.5239 
8790.2252, 1393.719 
8953.6477, 1414.2123 
9120.1084, 1435.0083 
9289.6639, 1456.1115 
9462.3716, 1477.5264 
9638.2902, 1499.2576 
9817.4794, 1521.3098 
10000., 1543.6877 
10185.914, 1566.3962 
10375.284, 1589.4403 
10568.175, 1612.8247 
10764.652, 1636.5547 
10964.782, 1660.6352 
11168.632, 1685.0716 
11376.273, 1709.869 
11587.774, 1735.0328 
11803.206, 1760.5685 
12022.644, 1786.4815 
12246.162, 1812.7775 
12473.835, 1839.4621 
12705.741, 1866.541 
12941.958, 1894.0201 
13182.567, 1921.9054 
13427.65, 1950.2028 
13677.288, 1978.9185 
13931.568, 2008.0586 
14190.575, 2037.6295 
14454.398, 2067.6374 
14723.125, 2098.089 
14996.848, 2128.9907 
15275.661, 2160.3493 
15559.656, 2192.1714 
15848.932, 2224.4641 
16143.586, 2257.2341 
16443.717, 2290.4887 
16749.429, 2324.2349 
17060.824, 2358.4802 
17378.008, 2393.2318 
17701.09, 2428.4972 
18030.177, 2464.2842 
18365.383, 2500.6003 
18706.821, 2537.4535 
19054.607, 2574.8517 
19408.859, 2612.803 
19769.696, 2651.3156 
20137.242, 2690.3977 
20511.622, 2730.0579 
20892.961, 2770.3047 
21281.39, 2811.1467 
21677.041, 2852.5929 
22080.047, 2894.6521 
22490.546, 2937.3335 
22908.677, 2980.6463 
23334.581, 3024.5997 
23768.403, 3069.2034 
24210.29, 3114.4669 
24660.393, 3160.4001 
25118.864, 3207.0128 
25585.859, 3254.3151 
26061.535, 3302.3173 
26546.056, 3351.0297 
27039.584, 3400.4629 
27542.287, 3450.6274 
28054.336, 3501.5343 
28575.905, 3553.1944 
29107.171, 3605.6189 
29648.314, 3658.8192 
30199.517, 3712.8067 
30760.968, 3767.5932 
31332.857, 3823.1904 
31915.379, 3879.6104 
32508.73, 3936.8654 
33113.112, 3994.9677 
33728.731, 4053.93 
34355.795, 4113.7649 
34994.517, 4174.4854 
35645.113, 4236.1047 
36307.805, 4298.6359 
36982.818, 4362.0928 
37670.38, 4426.4889 
38370.725, 4491.8383 
39084.09, 4558.155 
39810.717, 4625.4533 
40550.854, 4693.7479 
41304.75, 4763.0535 
42072.663, 4833.3851 
42854.852, 4904.7579 
43651.583, 4977.1873 
44463.127, 5050.689 
45289.758, 5125.2789 
46131.757, 5200.9731 
46989.411, 5277.788 
47863.009, 5355.7403 
48752.849, 5434.8467 
49659.232, 5515.1244 
50582.466, 5596.5907 
51522.864, 5679.2634 
52480.746, 5763.1601 
53456.436, 5848.2992 
54450.265, 5934.699 
55462.571, 6022.3783 
56493.697, 6111.3559 
57543.994, 6201.6512 
58613.816, 6293.2836 
59703.529, 6386.2731 
60813.5, 6480.6396 
61944.108, 6576.4038 
63095.734, 6673.5862 
64268.772, 6772.2078 
65463.617, 6872.2902 
66680.677, 6973.8548 
67920.363, 7076.9237 
69183.097, 7181.5191 
70469.307, 7287.6638 
71779.429, 7395.3807 
73113.908, 7504.6931 
74473.197, 7615.6246 
75857.758, 7728.1994 
77268.059, 7842.4416 
78704.579, 7958.3762 
80167.806, 8076.0281 
81658.237, 8195.4228 
83176.377, 8316.5862 
84722.741, 8439.5445 
86297.855, 8564.3243 
87902.252, 8690.9527 
89536.477, 8819.457 
91201.084, 8949.8651 
92896.639, 9082.2052 
94623.716, 9216.506 
96382.902, 9352.7964 
98174.794, 9491.1062 
100000., 9631.4651 
101859.14, 9773.9036 
103752.84, 9918.4525 
105681.75, 10065.143 
107646.52, 10214.007 
109647.82, 10365.077 
111686.32, 10518.385 
113762.73, 10673.965 
115877.74, 10831.851 
118032.06, 10992.075 
120226.44, 11154.674 
122461.62, 11319.683 
124738.35, 11487.136 
127057.41, 11657.071 
129419.58, 11829.524 
131825.67, 12004.533 
134276.5, 12182.135 
136772.88, 12362.37 
139315.68, 12545.275 
141905.75, 12730.891 
144543.98, 12919.258 
147231.25, 13110.416 
149968.48, 13304.407 
152756.61, 13501.274 
155596.56, 13701.058 
158489.32, 13903.803 
161435.86, 14109.553 
164437.17, 14318.353 
167494.29, 14530.247 
170608.24, 14745.282 
173780.08, 14963.504 
177010.9, 15184.96 
180301.77, 15409.699 
183653.83, 15637.769 
187068.21, 15869.22 
190546.07, 16104.101 
194088.59, 16342.464 
197696.96, 16584.36 
201372.42, 16829.842 
205116.22, 17078.963 
208929.61, 17331.776 
212813.9, 17588.338 
216770.41, 17848.702 
220800.47, 18112.926 
224905.46, 18381.067 
229086.77, 18653.183 
233345.81, 18929.333 
237684.03, 19209.577 
242102.9, 19493.975 
246603.93, 19782.589 
251188.64, 20075.482 
255858.59, 20372.718 
260615.35, 20674.359 
265460.56, 20980.473 
270395.84, 21291.126 
275422.87, 21606.384 
280543.36, 21926.315 
285759.05, 22250.991 
291071.71, 22580.48 
296483.14, 22914.854 
301995.17, 23254.185 
307609.68, 23598.548 
313328.57, 23948.017 
319153.79, 24302.667 
325087.3, 24662.575 
331131.12, 25027.82 
337287.31, 25398.481 
343557.95, 25774.637 
349945.17, 26156.371 
356451.13, 26543.766 
363078.05, 26936.904 
369828.18, 27335.872 
376703.8, 27740.756 
383707.25, 28151.644 
390840.9, 28568.624 
398107.17, 28991.788 
405508.54, 29421.226 
413047.5, 29857.033 
420726.63, 30299.302 
428548.52, 30748.129 
436515.83, 31203.612 
444631.27, 31665.85 
452897.58, 32134.942 
461317.57, 32610.991 
469894.11, 33094.099 
478630.09, 33584.372 
487528.49, 34081.915 
496592.32, 34586.837 
505824.66, 35099.247 
515228.64, 35619.256 
524807.46, 36146.977 
534564.36, 36682.524 
544502.65, 37226.014 
554625.71, 37777.564 
564936.97, 38337.294 
575439.94, 38905.325 
586138.16, 39481.78 
597035.29, 40066.785 
608135., 40660.466 
619441.08, 41262.953 
630957.34, 41874.375 
642687.72, 42494.865 
654636.17, 43124.558 
666806.77, 43763.591 
679203.63, 44412.101 
691830.97, 45070.23 
704693.07, 45738.121 
717794.29, 46415.918 
731139.08, 47103.767 
744731.97, 47801.82 
758577.58, 48510.226 
772680.59, 49229.139 
787045.79, 49958.716 
801678.06, 50699.115 
816582.37, 51450.495 
831763.77, 52213.021 
847227.41, 52986.857 
862978.55, 53772.172 
879022.52, 54569.135 
895364.77, 55377.92 
912010.84, 56198.701 
928966.39, 57031.658 
946237.16, 57876.97 
963829.02, 58734.822 
981747.94, 59605.398 
1000000., 60488.889 
