0.00001, 0.00053394536, 35.683282 
0.000010185914, 0.00054055913, 35.466442 
0.000010375284, 0.00054725493, 35.25093 
0.000010568175, 0.00055403378, 35.036738 
0.000010764652, 0.00056089669, 34.823856 
0.000010964782, 0.00056784473, 34.612277 
0.000011168632, 0.00057487894, 34.401993 
0.000011376273, 0.00058200039, 34.192997 
0.000011587774, 0.00058921018, 33.98528 
0.000011803206, 0.00059650939, 33.778834 
0.000012022644, 0.00060389915, 33.573652 
0.000012246162, 0.00061138057, 33.369726 
0.000012473835, 0.00061895479, 33.167048 
0.000012705741, 0.00062662297, 32.96561 
0.000012941958, 0.00063438628, 32.765406 
0.000013182567, 0.0006422459, 32.566427 
0.00001342765, 0.00065020301, 32.368666 
0.000013677288, 0.00065825885, 32.172115 
0.000013931568, 0.00066641463, 31.976768 
0.000014190575, 0.0006746716, 31.782616 
0.000014454398, 0.00068303101, 31.589653 
0.000014723125, 0.00069149414, 31.397871 
0.000014996848, 0.00070006227, 31.207262 
0.000015275661, 0.00070873672, 31.017821 
0.000015559656, 0.00071751881, 30.829539 
0.000015848932, 0.00072640986, 30.642409 
0.000016143586, 0.00073541125, 30.456425 
0.000016443717, 0.00074452433, 30.271579 
0.000016749429, 0.00075375051, 30.087865 
0.000017060824, 0.00076309118, 29.905274 
0.000017378008, 0.00077254776, 29.723802 
0.00001770109, 0.00078212171, 29.543441 
0.000018030177, 0.00079181448, 29.364183 
0.000018365383, 0.00080162755, 29.186023 
0.000018706821, 0.00081156242, 29.008953 
0.000019054607, 0.00082162059, 28.832967 
0.000019408859, 0.00083180361, 28.658058 
0.000019769696, 0.00084211302, 28.48422 
0.000020137242, 0.0008525504, 28.311446 
0.000020511622, 0.00086311735, 28.139729 
0.000020892961, 0.00087381546, 27.969063 
0.00002128139, 0.00088464638, 27.799442 
0.000021677041, 0.00089561176, 27.630859 
0.000022080047, 0.00090671327, 27.463308 
0.000022490546, 0.00091795261, 27.296783 
0.000022908677, 0.00092933148, 27.131276 
0.000023334581, 0.00094085163, 26.966783 
0.000023768403, 0.00095251481, 26.803297 
0.00002421029, 0.00096432281, 26.640811 
0.000024660393, 0.00097627742, 26.47932 
0.000025118864, 0.00098838048, 26.318817 
0.000025585859, 0.0010006338, 26.159297 
0.000026061535, 0.0010130393, 26.000753 
0.000026546056, 0.0010255989, 25.843179 
0.000027039584, 0.0010383144, 25.68657 
0.000027542287, 0.0010511879, 25.53092 
0.000028054336, 0.0010642212, 25.376222 
0.000028575905, 0.0010774164, 25.222471 
0.000029107171, 0.0010907754, 25.069661 
0.000029648314, 0.0011043005, 24.917786 
0.000030199517, 0.0011179934, 24.766841 
0.000030760968, 0.0011318565, 24.61682 
0.000031332857, 0.0011458918, 24.467717 
0.000031915379, 0.0011601014, 24.319526 
0.00003250873, 0.0011744876, 24.172243 
0.000033113112, 0.0011890524, 24.025862 
0.000033728731, 0.0012037982, 23.880375 
0.000034355795, 0.0012187272, 23.73578 
0.000034994517, 0.0012338417, 23.592069 
0.000035645113, 0.001249144, 23.449238 
0.000036307805, 0.0012646364, 23.307282 
0.000036982818, 0.0012803213, 23.166194 
0.00003767038, 0.0012962011, 23.025969 
0.000038370725, 0.0013122782, 22.886603 
0.00003908409, 0.0013285551, 22.74809 
0.000039810717, 0.0013450342, 22.610425 
0.000040550854, 0.0013617182, 22.473602 
0.00004130475, 0.0013786095, 22.337617 
0.000042072663, 0.0013957107, 22.202464 
0.000042854852, 0.0014130245, 22.068138 
0.000043651583, 0.0014305535, 21.934634 
0.000044463127, 0.0014483003, 21.801948 
0.000045289758, 0.0014662678, 21.670073 
0.000046131757, 0.0014844586, 21.539006 
0.000046989411, 0.0015028755, 21.40874 
0.000047863009, 0.0015215213, 21.279273 
0.000048752849, 0.001540399, 21.150597 
0.000049659232, 0.0015595114, 21.022709 
0.000050582466, 0.0015788613, 20.895604 
0.000051522864, 0.0015984519, 20.769276 
0.000052480746, 0.001618286, 20.643722 
0.000053456436, 0.0016383667, 20.518936 
0.000054450265, 0.0016586972, 20.394914 
0.000055462571, 0.0016792804, 20.271651 
0.000056493697, 0.0017001196, 20.149143 
0.000057543994, 0.001721218, 20.027384 
0.000058613816, 0.0017425788, 19.90637 
0.000059703529, 0.0017642052, 19.786097 
0.0000608135, 0.0017861006, 19.66656 
0.000061944108, 0.0018082683, 19.547755 
0.000063095734, 0.0018307117, 19.429677 
0.000064268772, 0.0018534344, 19.312321 
0.000065463617, 0.0018764396, 19.195684 
0.000066680677, 0.0018997311, 19.07976 
0.000067920363, 0.0019233123, 18.964546 
0.000069183097, 0.0019471869, 18.850037 
0.000070469307, 0.0019713585, 18.736229 
0.000071779429, 0.0019958309, 18.623118 
0.000073113908, 0.0020206077, 18.510698 
0.000074473197, 0.0020456928, 18.398967 
0.000075857758, 0.0020710901, 18.287919 
0.000077268059, 0.0020968034, 18.177551 
0.000078704579, 0.0021228368, 18.067859 
0.000080167806, 0.0021491941, 17.958838 
0.000081658237, 0.0021758794, 17.850484 
0.000083176377, 0.0022028968, 17.742793 
0.000084722741, 0.0022302506, 17.635761 
0.000086297855, 0.0022579448, 17.529384 
0.000087902252, 0.0022859837, 17.423658 
0.000089536477, 0.0023143717, 17.318579 
0.000091201084, 0.002343113, 17.214144 
0.000092896639, 0.0023722122, 17.110347 
0.000094623716, 0.0024016736, 17.007186 
0.000096382902, 0.0024315019, 16.904656 
0.000098174794, 0.0024617015, 16.802753 
0.0001, 0.0024922772, 16.701474 
0.00010185914, 0.0025232336, 16.600815 
0.00010375284, 0.0025545755, 16.500772 
0.00010568175, 0.0025863077, 16.401341 
0.00010764652, 0.0026184351, 16.302518 
0.00010964782, 0.0026509626, 16.204301 
0.00011168632, 0.0026838953, 16.106684 
0.00011376273, 0.0027172381, 16.009665 
0.00011587774, 0.0027509963, 15.913239 
0.00011803206, 0.002785175, 15.817404 
0.00012022644, 0.0028197794, 15.722155 
0.00012246162, 0.002854815, 15.627489 
0.00012473835, 0.002890287, 15.533402 
0.00012705741, 0.002926201, 15.439891 
0.00012941958, 0.0029625625, 15.346952 
0.00013182567, 0.0029993771, 15.254582 
0.0001342765, 0.0030366504, 15.162777 
0.00013677288, 0.0030743882, 15.071534 
0.00013931568, 0.0031125963, 14.980849 
0.00014190575, 0.0031512806, 14.890719 
0.00014454398, 0.003190447, 14.801141 
0.00014723125, 0.0032301016, 14.712111 
0.00014996848, 0.0032702504, 14.623625 
0.00015275661, 0.0033108998, 14.535682 
0.00015559656, 0.0033520559, 14.448276 
0.00015848932, 0.0033937251, 14.361405 
0.00016143586, 0.0034359138, 14.275065 
0.00016443717, 0.0034786284, 14.189254 
0.00016749429, 0.0035218757, 14.103968 
0.00017060824, 0.0035656623, 14.019204 
0.00017378008, 0.0036099949, 13.934959 
0.0001770109, 0.0036548803, 13.851229 
0.00018030177, 0.0037003255, 13.768011 
0.00018365383, 0.0037463375, 13.685303 
0.00018706821, 0.0037929234, 13.603101 
0.00019054607, 0.0038400904, 13.521402 
0.00019408859, 0.0038878458, 13.440202 
0.00019769696, 0.0039361969, 13.3595 
0.00020137242, 0.0039851512, 13.279291 
0.00020511622, 0.0040347163, 13.199573 
0.00020892961, 0.0040848998, 13.120342 
0.0002128139, 0.0041357095, 13.041597 
0.00021677041, 0.0041871532, 12.963333 
0.00022080047, 0.0042392388, 12.885549 
0.00022490546, 0.0042919745, 12.80824 
0.00022908677, 0.0043453684, 12.731404 
0.00023334581, 0.0043994287, 12.655038 
0.00023768403, 0.0044541637, 12.57914 
0.0002421029, 0.0045095821, 12.503706 
0.00024660393, 0.0045656922, 12.428733 
0.00025118864, 0.0046225028, 12.354219 
0.00025585859, 0.0046800227, 12.280161 
0.00026061535, 0.0047382608, 12.206556 
0.00026546056, 0.0047972261, 12.133402 
0.00027039584, 0.0048569276, 12.060695 
0.00027542287, 0.0049173748, 11.988433 
0.00028054336, 0.0049785769, 11.916613 
0.00028575905, 0.0050405433, 11.845232 
0.00029107171, 0.0051032837, 11.774288 
0.00029648314, 0.0051668079, 11.703778 
0.00030199517, 0.0052311256, 11.6337 
0.00030760968, 0.0052962468, 11.56405 
0.00031332857, 0.0053621816, 11.494826 
0.00031915379, 0.0054289402, 11.426026 
0.0003250873, 0.0054965329, 11.357647 
0.00033113112, 0.0055649703, 11.289686 
0.00033728731, 0.005634263, 11.222141 
0.00034355795, 0.0057044217, 11.155009 
0.00034994517, 0.0057754572, 11.088288 
0.00035645113, 0.0058473806, 11.021975 
0.00036307805, 0.0059202031, 10.956067 
0.00036982818, 0.0059939359, 10.890563 
0.0003767038, 0.0060685906, 10.825459 
0.00038370725, 0.0061441786, 10.760754 
0.0003908409, 0.0062207117, 10.696445 
0.00039810717, 0.0062982019, 10.632529 
0.00040550854, 0.006376661, 10.569004 
0.0004130475, 0.0064561014, 10.505867 
0.00042072663, 0.0065365354, 10.443117 
0.00042854852, 0.0066179754, 10.38075 
0.00043651583, 0.0067004342, 10.318766 
0.00044463127, 0.0067839244, 10.25716 
0.00045289758, 0.0068684592, 10.195931 
0.00046131757, 0.0069540517, 10.135076 
0.00046989411, 0.0070407151, 10.074594 
0.00047863009, 0.0071284629, 10.014482 
0.00048752849, 0.0072173089, 9.9547376 
0.00049659232, 0.0073072667, 9.8953585 
0.00050582466, 0.0073983505, 9.8363427 
0.00051522864, 0.0074905744, 9.7776877 
0.00052480746, 0.0075839527, 9.7193916 
0.00053456436, 0.0076785, 9.661452 
0.00054450265, 0.007774231, 9.6038669 
0.00055462571, 0.0078711607, 9.5466337 
0.00056493697, 0.007969304, 9.4897508 
0.00057543994, 0.0080686764, 9.4332157 
0.00058613816, 0.0081692933, 9.3770265 
0.00059703529, 0.0082711704, 9.3211808 
0.000608135, 0.0083743236, 9.2656768 
0.00061944108, 0.0084787689, 9.2105121 
0.00063095734, 0.0085845226, 9.1556849 
0.00064268772, 0.0086916013, 9.1011929 
0.00065463617, 0.0088000216, 9.0470343 
0.00066680677, 0.0089098005, 8.9932068 
0.00067920363, 0.0090209551, 8.9397086 
0.00069183097, 0.0091335027, 8.8865375 
0.00070469307, 0.009247461, 8.8336916 
0.00071779429, 0.0093628477, 8.7811687 
0.00073113908, 0.0094796808, 8.7289672 
0.00074473197, 0.0095979787, 8.6770847 
0.00075857758, 0.0097177597, 8.6255197 
0.00077268059, 0.0098390426, 8.5742699 
0.00078704579, 0.0099618464, 8.5233336 
0.00080167806, 0.01008619, 8.4727086 
0.00081658237, 0.010212094, 8.4223933 
0.00083176377, 0.010339576, 8.3723856 
0.00084722741, 0.010468658, 8.3226837 
0.00086297855, 0.010599359, 8.2732857 
0.00087902252, 0.0107317, 8.2241898 
0.00089536477, 0.010865701, 8.175394 
0.00091201084, 0.011001384, 8.1268967 
0.00092896639, 0.01113877, 8.0786957 
0.00094623716, 0.01127788, 8.0307896 
0.00096382902, 0.011418736, 7.9831763 
0.00098174794, 0.01156136, 7.9358542 
0.001, 0.011705775, 7.8888213 
0.0010185914, 0.011852003, 7.8420761 
0.0010375284, 0.012000066, 7.7956165 
0.0010568175, 0.01214999, 7.7494411 
0.0010764652, 0.012301796, 7.7035479 
0.0010964782, 0.012455508, 7.6579354 
0.0011168632, 0.012611152, 7.6126016 
0.0011376273, 0.01276875, 7.567545 
0.0011587774, 0.012928329, 7.5227639 
0.0011803206, 0.013089913, 7.4782565 
0.0012022644, 0.013253527, 7.4340211 
0.0012246162, 0.013419197, 7.3900562 
0.0012473835, 0.013586949, 7.3463599 
0.0012705741, 0.01375681, 7.3029309 
0.0012941958, 0.013928806, 7.2597672 
0.0013182567, 0.014102964, 7.2168675 
0.001342765, 0.014279312, 7.1742299 
0.0013677288, 0.014457878, 7.1318529 
0.0013931568, 0.014638689, 7.089735 
0.0014190575, 0.014821773, 7.0478745 
0.0014454398, 0.015007161, 7.0062698 
0.0014723125, 0.015194881, 6.9649194 
0.0014996848, 0.015384962, 6.9238218 
0.0015275661, 0.015577435, 6.8829753 
0.0015559656, 0.01577233, 6.8423784 
0.0015848932, 0.015969677, 6.8020297 
0.0016143586, 0.016169508, 6.7619275 
0.0016443717, 0.016371855, 6.7220704 
0.0016749429, 0.016576748, 6.6824569 
0.0017060824, 0.016784221, 6.6430854 
0.0017378008, 0.016994306, 6.6039545 
0.001770109, 0.017207037, 6.5650628 
0.0018030177, 0.017422446, 6.5264087 
0.0018365383, 0.017640569, 6.4879908 
0.0018706821, 0.017861439, 6.4498076 
0.0019054607, 0.018085092, 6.4118578 
0.0019408859, 0.018311562, 6.3741398 
0.0019769696, 0.018540886, 6.3366523 
0.0020137242, 0.018773099, 6.2993937 
0.0020511622, 0.01900824, 6.2623629 
0.0020892961, 0.019246344, 6.2255583 
0.002128139, 0.019487449, 6.1889785 
0.0021677041, 0.019731594, 6.1526222 
0.0022080047, 0.019978818, 6.116488 
0.0022490546, 0.020229159, 6.0805745 
0.0022908677, 0.020482657, 6.0448805 
0.0023334581, 0.020739352, 6.0094045 
0.0023768403, 0.020999285, 5.9741451 
0.002421029, 0.021262498, 5.9391012 
0.0024660393, 0.021529032, 5.9042713 
0.0025118864, 0.021798928, 5.8696542 
0.0025585859, 0.022072231, 5.8352485 
0.0026061535, 0.022348984, 5.8010529 
0.0026546056, 0.02262923, 5.7670662 
0.0027039584, 0.022913014, 5.733287 
0.0027542287, 0.023200381, 5.6997142 
0.0028054336, 0.023491377, 5.6663463 
0.0028575905, 0.023786047, 5.6331823 
0.0029107171, 0.02408444, 5.6002207 
0.0029648314, 0.024386602, 5.5674605 
0.0030199517, 0.024692581, 5.5349003 
0.0030760968, 0.025002426, 5.5025389 
0.0031332857, 0.025316187, 5.4703751 
0.0031915379, 0.025633913, 5.4384078 
0.003250873, 0.025955655, 5.4066356 
0.0033113112, 0.026281464, 5.3750574 
0.0033728731, 0.026611393, 5.3436719 
0.0034355795, 0.026945493, 5.3124781 
0.0034994517, 0.027283819, 5.2814747 
0.0035645113, 0.027626423, 5.2506606 
0.0036307805, 0.027973362, 5.2200346 
0.0036982818, 0.028324689, 5.1895955 
0.003767038, 0.028680461, 5.1593423 
0.0038370725, 0.029040736, 5.1292737 
0.003908409, 0.02940557, 5.0993886 
0.0039810717, 0.029775022, 5.069686 
0.0040550854, 0.030149151, 5.0401646 
0.004130475, 0.030528017, 5.0108234 
0.0042072663, 0.03091168, 4.9816614 
0.0042854852, 0.031300202, 4.9526772 
0.0043651583, 0.031693645, 4.9238699 
0.0044463127, 0.032092072, 4.8952384 
0.0045289758, 0.032495547, 4.8667816 
0.0046131757, 0.032904134, 4.8384985 
0.0046989411, 0.033317899, 4.810388 
0.0047863009, 0.033736908, 4.7824489 
0.0048752849, 0.034161229, 4.7546803 
0.0049659232, 0.034590929, 4.7270812 
0.0050582466, 0.035026078, 4.6996504 
0.0051522864, 0.035466745, 4.6723869 
0.0052480746, 0.035913002, 4.6452898 
0.0053456436, 0.036364919, 4.618358 
0.0054450265, 0.036822569, 4.5915904 
0.0055462571, 0.037286026, 4.5649861 
0.0056493697, 0.037755365, 4.5385441 
0.0057543994, 0.038230661, 4.5122633 
0.0058613816, 0.03871199, 4.4861428 
0.0059703529, 0.03919943, 4.4601817 
0.00608135, 0.03969306, 4.4343788 
0.0061944108, 0.040192958, 4.4087333 
0.0063095734, 0.040699206, 4.3832441 
0.0064268772, 0.041211885, 4.3579104 
0.0065463617, 0.041731078, 4.3327312 
0.0066680677, 0.042256868, 4.3077054 
0.0067920363, 0.04278934, 4.2828323 
0.0069183097, 0.043328581, 4.2581107 
0.0070469307, 0.043874677, 4.2335399 
0.0071779429, 0.044427716, 4.2091189 
0.0073113908, 0.044987788, 4.1848467 
0.0074473197, 0.045554983, 4.1607225 
0.0075857758, 0.046129393, 4.1367452 
0.0077268059, 0.046711112, 4.1129142 
0.0078704579, 0.047300232, 4.0892283 
0.0080167806, 0.04789685, 4.0656868 
0.0081658237, 0.048501061, 4.0422887 
0.0083176377, 0.049112965, 4.0190333 
0.0084722741, 0.04973266, 3.9959195 
0.0086297855, 0.050360245, 3.9729466 
0.0087902252, 0.050995825, 3.9501136 
0.0089536477, 0.0516395, 3.9274197 
0.0091201084, 0.052291376, 3.9048641 
0.0092896639, 0.052951559, 3.8824458 
0.0094623716, 0.053620156, 3.8601641 
0.0096382902, 0.054297274, 3.8380181 
0.0098174794, 0.054983026, 3.816007 
0.01, 0.055677521, 3.79413 
0.010185914, 0.056380873, 3.7723861 
0.010375284, 0.057093196, 3.7507747 
0.010568175, 0.057814606, 3.7292949 
0.010764652, 0.058545221, 3.7079459 
0.010964782, 0.05928516, 3.6867268 
0.011168632, 0.060034542, 3.6656369 
0.011376273, 0.060793492, 3.6446754 
0.011587774, 0.061562131, 3.6238415 
0.011803206, 0.062340586, 3.6031344 
0.012022644, 0.063128983, 3.5825534 
0.012246162, 0.063927451, 3.5620975 
0.012473835, 0.064736121, 3.5417663 
0.012705741, 0.065555125, 3.5215586 
0.012941958, 0.066384596, 3.501474 
0.013182567, 0.067224671, 3.4815116 
0.01342765, 0.068075486, 3.4616706 
0.013677288, 0.068937182, 3.4419503 
0.013931568, 0.069809898, 3.42235 
0.014190575, 0.070693778, 3.4028689 
0.014454398, 0.071588967, 3.3835063 
0.014723125, 0.072495611, 3.3642615 
0.014996848, 0.073413859, 3.3451337 
0.015275661, 0.074343862, 3.3261222 
0.015559656, 0.075285773, 3.3072264 
0.015848932, 0.076239745, 3.2884453 
0.016143586, 0.077205936, 3.2697786 
0.016443717, 0.078184505, 3.2512252 
0.016749429, 0.079175611, 3.2327847 
0.017060824, 0.080179419, 3.2144562 
0.017378008, 0.081196094, 3.1962392 
0.01770109, 0.082225802, 3.1781328 
0.018030177, 0.083268714, 3.1601365 
0.018365383, 0.084325, 3.1422495 
0.018706821, 0.085394836, 3.1244712 
0.019054607, 0.086478397, 3.106801 
0.019408859, 0.087575863, 3.089238 
0.019769696, 0.088687414, 3.0717818 
0.020137242, 0.089813234, 3.0544316 
0.020511622, 0.090953509, 3.0371867 
0.020892961, 0.092108426, 3.0200466 
0.02128139, 0.093278178, 3.0030106 
0.021677041, 0.094462958, 2.986078 
0.022080047, 0.095662961, 2.9692482 
0.022490546, 0.096878386, 2.9525205 
0.022908677, 0.098109435, 2.9358944 
0.023334581, 0.099356311, 2.9193693 
0.023768403, 0.10061922, 2.9029444 
0.02421029, 0.10189837, 2.8866192 
0.024660393, 0.10319398, 2.870393 
0.025118864, 0.10450626, 2.8542653 
0.025585859, 0.10583543, 2.8382355 
0.026061535, 0.10718171, 2.8223029 
0.026546056, 0.10854532, 2.8064669 
0.027039584, 0.10992649, 2.7907269 
0.027542287, 0.11132545, 2.7750824 
0.028054336, 0.11274243, 2.7595328 
0.028575905, 0.11417767, 2.7440775 
0.029107171, 0.11563141, 2.7287158 
0.029648314, 0.11710388, 2.7134473 
0.030199517, 0.11859535, 2.6982713 
0.030760968, 0.12010604, 2.6831873 
0.031332857, 0.12163622, 2.6681947 
0.031915379, 0.12318614, 2.653293 
0.03250873, 0.12475607, 2.6384815 
0.033113112, 0.12634625, 2.6237598 
0.033728731, 0.12795696, 2.6091272 
0.034355795, 0.12958848, 2.5945833 
0.034994517, 0.13124106, 2.5801274 
0.035645113, 0.13291499, 2.5657591 
0.036307805, 0.13461054, 2.5514777 
0.036982818, 0.13632801, 2.5372829 
0.03767038, 0.13806768, 2.5231739 
0.038370725, 0.13982984, 2.5091503 
0.03908409, 0.14161479, 2.4952116 
0.039810717, 0.14342283, 2.4813573 
0.040550854, 0.14525425, 2.4675867 
0.04130475, 0.14710938, 2.4538995 
0.042072663, 0.14898851, 2.440295 
0.042854852, 0.15089197, 2.4267729 
0.043651583, 0.15282008, 2.4133325 
0.044463127, 0.15477317, 2.3999734 
0.045289758, 0.15675155, 2.386695 
0.046131757, 0.15875556, 2.3734969 
0.046989411, 0.16078555, 2.3603785 
0.047863009, 0.16284186, 2.3473394 
0.048752849, 0.16492482, 2.3343792 
0.049659232, 0.1670348, 2.3214972 
0.050582466, 0.16917216, 2.308693 
0.051522864, 0.17133724, 2.2959662 
0.052480746, 0.17353042, 2.2833162 
0.053456436, 0.17575207, 2.2707426 
0.054450265, 0.17800256, 2.2582449 
0.055462571, 0.18028228, 2.2458227 
0.056493697, 0.18259162, 2.2334754 
0.057543994, 0.18493096, 2.2212027 
0.058613816, 0.1873007, 2.209004 
0.059703529, 0.18970124, 2.1968788 
0.0608135, 0.192133, 2.1848269 
0.061944108, 0.19459638, 2.1728475 
0.063095734, 0.19709181, 2.1609405 
0.064268772, 0.1996197, 2.1491052 
0.065463617, 0.2021805, 2.1373413 
0.066680677, 0.20477462, 2.1256483 
0.067920363, 0.20740253, 2.1140257 
0.069183097, 0.21006465, 2.1024732 
0.070469307, 0.21276146, 2.0909902 
0.071779429, 0.21549341, 2.0795765 
0.073113908, 0.21826096, 2.0682314 
0.074473197, 0.22106459, 2.0569547 
0.075857758, 0.22390477, 2.0457459 
0.077268059, 0.226782, 2.0346045 
0.078704579, 0.22969677, 2.0235302 
0.080167806, 0.23264956, 2.0125225 
0.081658237, 0.2356409, 2.001581 
0.083176377, 0.23867129, 1.9907054 
0.084722741, 0.24174126, 1.9798951 
0.086297855, 0.24485132, 1.9691499 
0.087902252, 0.24800201, 1.9584692 
0.089536477, 0.25119388, 1.9478528 
0.091201084, 0.25442747, 1.9373001 
0.092896639, 0.25770334, 1.9268108 
0.094623716, 0.26102206, 1.9163846 
0.096382902, 0.26438418, 1.906021 
0.098174794, 0.2677903, 1.8957196 
0.1, 0.27124099, 1.8854801 
0.10185914, 0.27473686, 1.875302 
0.10375284, 0.27827851, 1.865185 
0.10568175, 0.28186654, 1.8551287 
0.10764652, 0.28550158, 1.8451327 
0.10964782, 0.28918426, 1.8351967 
0.11168632, 0.29291521, 1.8253203 
0.11376273, 0.29669508, 1.815503 
0.11587774, 0.30052452, 1.8057447 
0.11803206, 0.3044042, 1.7960448 
0.12022644, 0.30833478, 1.786403 
0.12246162, 0.31231695, 1.776819 
0.12473835, 0.3163514, 1.7672923 
0.12705741, 0.32043883, 1.7578227 
0.12941958, 0.32457995, 1.7484099 
0.13182567, 0.32877548, 1.7390533 
0.1342765, 0.33302615, 1.7297527 
0.13677288, 0.33733269, 1.7205078 
0.13931568, 0.34169586, 1.7113181 
0.14190575, 0.34611642, 1.7021834 
0.14454398, 0.35059514, 1.6931033 
0.14723125, 0.35513279, 1.6840775 
0.14996848, 0.35973018, 1.6751056 
0.15275661, 0.36438809, 1.6661873 
0.15559656, 0.36910736, 1.6573223 
0.15848932, 0.37388879, 1.6485102 
0.16143586, 0.37873322, 1.6397507 
0.16443717, 0.38364152, 1.6310435 
0.16749429, 0.38861452, 1.6223883 
0.17060824, 0.39365311, 1.6137846 
0.17378008, 0.39875816, 1.6052323 
0.1770109, 0.40393058, 1.596731 
0.18030177, 0.40917127, 1.5882803 
0.18365383, 0.41448114, 1.57988 
0.18706821, 0.41986114, 1.5715297 
0.19054607, 0.4253122, 1.5632292 
0.19408859, 0.43083529, 1.5549781 
0.19769696, 0.43643138, 1.5467761 
0.20137242, 0.44210145, 1.538623 
0.20511622, 0.4478465, 1.5305183 
0.20892961, 0.45366755, 1.5224618 
0.2128139, 0.45956562, 1.5144533 
0.21677041, 0.46554175, 1.5064923 
0.22080047, 0.471597, 1.4985787 
0.22490546, 0.47773243, 1.4907121 
0.22908677, 0.48394914, 1.4828922 
0.23334581, 0.49024822, 1.4751187 
0.23768403, 0.49663078, 1.4673914 
0.2421029, 0.50309796, 1.4597099 
0.24660393, 0.5096509, 1.452074 
0.25118864, 0.51629077, 1.4444834 
0.25585859, 0.52301874, 1.4369378 
0.26061535, 0.529836, 1.4294369 
0.26546056, 0.53674377, 1.4219805 
0.27039584, 0.54374328, 1.4145682 
0.27542287, 0.55083577, 1.4071998 
0.28054336, 0.5580225, 1.3998751 
0.28575905, 0.56530474, 1.3925937 
0.29107171, 0.57268381, 1.3853554 
0.29648314, 0.58016101, 1.3781599 
0.30199517, 0.58773768, 1.3710069 
0.30760968, 0.59541517, 1.3638962 
0.31332857, 0.60319485, 1.3568275 
0.31915379, 0.61107811, 1.3498006 
0.3250873, 0.61906636, 1.3428151 
0.33113112, 0.62716103, 1.3358709 
0.33728731, 0.63536356, 1.3289677 
0.34355795, 0.64367544, 1.3221052 
0.34994517, 0.65209814, 1.3152831 
0.35645113, 0.66063318, 1.3085013 
0.36307805, 0.66928208, 1.3017594 
0.36982818, 0.67804641, 1.2950573 
0.3767038, 0.68692773, 1.2883946 
0.38370725, 0.69592765, 1.2817711 
0.3908409, 0.70504777, 1.2751866 
0.39810717, 0.71428975, 1.2686408 
0.40550854, 0.72365524, 1.2621335 
0.4130475, 0.73314594, 1.2556645 
0.42072663, 0.74276356, 1.2492335 
0.42854852, 0.75250982, 1.2428402 
0.43651583, 0.7623865, 1.2364845 
0.44463127, 0.77239536, 1.2301661 
0.45289758, 0.78253823, 1.2238847 
0.46131757, 0.79281694, 1.2176402 
0.46989411, 0.80323334, 1.2114323 
0.47863009, 0.81378933, 1.2052608 
0.48752849, 0.82448681, 1.1991254 
0.49659232, 0.83532773, 1.1930259 
0.50582466, 0.84631404, 1.1869622 
0.51522864, 0.85744776, 1.1809339 
0.52480746, 0.86873088, 1.1749409 
0.53456436, 0.88016548, 1.1689829 
0.54450265, 0.89175362, 1.1630597 
0.55462571, 0.90349742, 1.1571711 
0.56493697, 0.91539901, 1.1513169 
0.57543994, 0.92746056, 1.1454969 
0.58613816, 0.93968427, 1.1397108 
0.59703529, 0.95207237, 1.1339585 
0.608135, 0.96462712, 1.1282396 
0.61944108, 0.97735081, 1.1225542 
0.63095734, 0.99024577, 1.1169018 
0.64268772, 1.0033143, 1.1112823 
0.65463617, 1.0165589, 1.1056955 
0.66680677, 1.029982, 1.1001412 
0.67920363, 1.0435859, 1.0946192 
0.69183097, 1.0573732, 1.0891293 
0.70469307, 1.0713465, 1.0836713 
0.71779429, 1.0855082, 1.0782449 
0.73113908, 1.099861, 1.0728501 
0.74473197, 1.1144076, 1.0674865 
0.75857758, 1.1291505, 1.0621541 
0.77268059, 1.1440925, 1.0568525 
0.78704579, 1.1592364, 1.0515817 
0.80167806, 1.174585, 1.0463413 
0.81658237, 1.190141, 1.0411313 
0.83176377, 1.2059073, 1.0359514 
0.84722741, 1.2218869, 1.0308015 
0.86297855, 1.2380827, 1.0256813 
0.87902252, 1.2544977, 1.0205907 
0.89536477, 1.2711349, 1.0155295 
0.91201084, 1.2879975, 1.0104975 
0.92896639, 1.3050884, 1.0054944 
0.94623716, 1.322411, 1.0005203 
0.96382902, 1.3399683, 0.99557477 
0.98174794, 1.3577637, 0.99065773 
1., 1.3758004, 0.985769 
1.0185914, 1.3940819, 0.98090838 
1.0375284, 1.4126114, 0.97607571 
1.0568175, 1.4313925, 0.9712708 
1.0764652, 1.4504287, 0.9664935 
1.0964782, 1.4697233, 0.96174361 
1.1168632, 1.4892802, 0.95702098 
1.1376273, 1.5091029, 0.95232542 
1.1587774, 1.5291951, 0.9476568 
1.1803206, 1.5495605, 0.94301488 
1.2022644, 1.570203, 0.93839954 
1.2246162, 1.5911264, 0.93381062 
1.2473835, 1.6123346, 0.92924793 
1.2705741, 1.6338316, 0.92471133 
1.2941958, 1.6556214, 0.92020063 
1.3182567, 1.6777081, 0.9157157 
1.342765, 1.7000958, 0.91125634 
1.3677288, 1.7227887, 0.90682241 
1.3931568, 1.7457911, 0.90241376 
1.4190575, 1.7691072, 0.89803021 
1.4454398, 1.7927416, 0.89367162 
1.4723125, 1.8166985, 0.88933783 
1.4996848, 1.8409825, 0.88502867 
1.5275661, 1.8655982, 0.88074402 
1.5559656, 1.8905503, 0.87648369 
1.5848932, 1.9158433, 0.87224752 
1.6143586, 1.9414821, 0.8680354 
1.6443717, 1.9674714, 0.86384715 
1.6749429, 1.9938163, 0.85968264 
1.7060824, 2.0205217, 0.8555417 
1.7378008, 2.0475926, 0.85142419 
1.770109, 2.0750341, 0.84732998 
1.8030177, 2.1028514, 0.84325889 
1.8365383, 2.1310499, 0.83921081 
1.8706821, 2.1596347, 0.83518557 
1.9054607, 2.1886114, 0.83118304 
1.9408859, 2.2179854, 0.82720307 
1.9769696, 2.2477623, 0.82324553 
2.0137242, 2.2779478, 0.81931027 
2.0511622, 2.3085475, 0.81539716 
2.0892961, 2.3395674, 0.81150603 
2.128139, 2.3710132, 0.80763678 
2.1677041, 2.4028909, 0.80378925 
2.2080047, 2.4352068, 0.79996332 
2.2490546, 2.4679667, 0.79615885 
2.2908677, 2.5011772, 0.7923757 
2.3334581, 2.5348443, 0.78861374 
2.3768403, 2.5689747, 0.78487283 
2.421029, 2.6035747, 0.78115285 
2.4660393, 2.6386511, 0.77745366 
2.5118864, 2.6742104, 0.77377513 
2.5585859, 2.7102595, 0.77011714 
2.6061535, 2.7468053, 0.76647955 
2.6546056, 2.7838548, 0.76286224 
2.7039584, 2.8214151, 0.75926509 
2.7542287, 2.8594933, 0.75568794 
2.8054336, 2.8980968, 0.75213069 
2.8575905, 2.937233, 0.74859323 
2.9107171, 2.9769094, 0.7450754 
2.9648314, 3.0171336, 0.74157711 
3.0199517, 3.0579133, 0.73809822 
3.0760968, 3.0992564, 0.73463862 
3.1332857, 3.1411708, 0.73119818 
3.1915379, 3.1836646, 0.72777677 
3.250873, 3.226746, 0.7243743 
3.3113112, 3.2704232, 0.72099062 
3.3728731, 3.3147048, 0.71762564 
3.4355795, 3.3595991, 0.71427922 
3.4994517, 3.405115, 0.71095125 
3.5645113, 3.4512612, 0.70764163 
3.6307805, 3.4980465, 0.70435024 
3.6982818, 3.5454801, 0.70107693 
3.767038, 3.5935711, 0.69782164 
3.8370725, 3.6423289, 0.69458423 
3.908409, 3.6917628, 0.69136459 
3.9810717, 3.7418825, 0.68816261 
4.0550854, 3.7926976, 0.68497818 
4.130475, 3.844218, 0.6818112 
4.2072663, 3.8964537, 0.67866154 
4.2854852, 3.9494149, 0.67552911 
4.3651583, 4.0031118, 0.67241379 
4.4463127, 4.0575549, 0.66931549 
4.5289758, 4.1127547, 0.66623409 
4.6131757, 4.1687221, 0.66316948 
4.6989411, 4.2254678, 0.66012157 
4.7863009, 4.283003, 0.65709026 
4.8752849, 4.3413388, 0.65407542 
4.9659232, 4.4004867, 0.65107695 
5.0582466, 4.4604581, 0.64809478 
5.1522864, 4.5212648, 0.64512878 
5.2480746, 4.5829187, 0.64217886 
5.3456436, 4.6454317, 0.63924492 
5.4450265, 4.7088162, 0.63632686 
5.5462571, 4.7730845, 0.63342458 
5.6493697, 4.8382491, 0.63053797 
5.7543994, 4.9043229, 0.62766695 
5.8613816, 4.9713188, 0.62481142 
5.9703529, 5.0392499, 0.62197128 
6.08135, 5.1081295, 0.61914643 
6.1944108, 5.1779712, 0.61633678 
6.3095734, 5.2487887, 0.61354223 
6.4268772, 5.3205958, 0.61076271 
6.5463617, 5.3934067, 0.60799809 
6.6680677, 5.4672357, 0.60524829 
6.7920363, 5.5420973, 0.60251323 
6.9183097, 5.6180062, 0.59979281 
7.0469307, 5.6949775, 0.59708694 
7.1779429, 5.7730261, 0.59439553 
7.3113908, 5.8521677, 0.59171849 
7.4473197, 5.9324176, 0.58905573 
7.5857758, 6.0137918, 0.58640716 
7.7268059, 6.0963064, 0.5837727 
7.8704579, 6.1799776, 0.58115225 
8.0167806, 6.2648219, 0.57854574 
8.1658237, 6.3508562, 0.57595307 
8.3176377, 6.4380974, 0.57337416 
8.4722741, 6.5265628, 0.57080891 
8.6297855, 6.6162699, 0.56825728 
8.7902252, 6.7072365, 0.56571912 
8.9536477, 6.7994806, 0.56319439 
9.1201084, 6.8930205, 0.560683 
9.2896639, 6.9878748, 0.55818486 
9.4623716, 7.0840622, 0.5556999 
9.6382902, 7.1816019, 0.55322803 
9.8174794, 7.2805132, 0.55076917 
10., 7.3808158, 0.54832325 
10.185914, 7.4825296, 0.54589017 
10.375284, 7.5856749, 0.54346987 
10.568175, 7.6902722, 0.54106225 
10.764652, 7.7963423, 0.53866726 
10.964782, 7.9039064, 0.5362848 
11.168632, 8.0129858, 0.5339148 
11.376273, 8.1236023, 0.53155718 
11.587774, 8.2357781, 0.52921189 
11.803206, 8.3495354, 0.52687881 
12.022644, 8.4648969, 0.52455788 
12.246162, 8.5818858, 0.52224904 
12.473835, 8.7005254, 0.5199522 
12.705741, 8.8208394, 0.51766731 
12.941958, 8.9428519, 0.51539427 
13.182567, 9.0665873, 0.51313302 
13.42765, 9.1920703, 0.51088349 
13.677288, 9.3193261, 0.50864559 
13.931568, 9.4483803, 0.50641928 
14.190575, 9.5792585, 0.50420446 
14.454398, 9.7119872, 0.50200107 
14.723125, 9.8465929, 0.49980905 
14.996848, 9.9831027, 0.49762832 
15.275661, 10.121544, 0.49545881 
15.559656, 10.261944, 0.49330046 
15.848932, 10.404332, 0.49115319 
16.143586, 10.548737, 0.48901693 
16.443717, 10.695186, 0.48689163 
16.749429, 10.84371, 0.48477721 
17.060824, 10.994338, 0.48267361 
17.378008, 11.147102, 0.48058077 
17.70109, 11.30203, 0.47849861 
18.030177, 11.459156, 0.47642708 
18.365383, 11.618511, 0.47436609 
18.706821, 11.780126, 0.47231561 
19.054607, 11.944034, 0.47027555 
19.408859, 12.110269, 0.46824586 
19.769696, 12.278864, 0.46622648 
20.137242, 12.449853, 0.46421733 
20.511622, 12.623271, 0.46221836 
20.892961, 12.799153, 0.46022952 
21.28139, 12.977533, 0.45825073 
21.677041, 13.158449, 0.45628192 
22.080047, 13.341938, 0.45432306 
22.490546, 13.528035, 0.45237406 
22.908677, 13.71678, 0.45043489 
23.334581, 13.908209, 0.44850547 
23.768403, 14.102363, 0.44658575 
24.21029, 14.29928, 0.44467567 
24.660393, 14.499, 0.44277516 
25.118864, 14.701565, 0.44088418 
25.585859, 14.907014, 0.43900267 
26.061535, 15.11539, 0.43713056 
26.546056, 15.326736, 0.43526781 
27.039584, 15.541094, 0.43341435 
27.542287, 15.758507, 0.43157014 
28.054336, 15.979021, 0.4297351 
28.575905, 16.202679, 0.42790921 
29.107171, 16.429528, 0.42609238 
29.648314, 16.659614, 0.42428457 
30.199517, 16.892983, 0.42248573 
30.760968, 17.129684, 0.4206958 
31.332857, 17.369764, 0.41891474 
31.915379, 17.613272, 0.41714248 
32.50873, 17.860259, 0.41537898 
33.113112, 18.110775, 0.41362418 
33.728731, 18.36487, 0.41187803 
34.355795, 18.622597, 0.41014048 
34.994517, 18.884008, 0.40841148 
35.645113, 19.149157, 0.40669098 
36.307805, 19.418099, 0.40497892 
36.982818, 19.690887, 0.40327526 
37.67038, 19.967579, 0.40157995 
38.370725, 20.24823, 0.39989294 
39.08409, 20.532899, 0.39821418 
39.810717, 20.821643, 0.3965436 
40.550854, 21.114522, 0.39488119 
41.30475, 21.411595, 0.39322688 
42.072663, 21.712925, 0.39158062 
42.854852, 22.018572, 0.38994238 
43.651583, 22.328599, 0.38831209 
44.463127, 22.64307, 0.38668972 
45.289758, 22.96205, 0.38507522 
46.131757, 23.285604, 0.38346853 
46.989411, 23.613799, 0.38186963 
47.863009, 23.946702, 0.38027845 
48.752849, 24.284382, 0.37869496 
49.659232, 24.626907, 0.3771191 
50.582466, 24.97435, 0.37555085 
51.522864, 25.326781, 0.37399014 
52.480746, 25.684272, 0.37243695 
53.456436, 26.046898, 0.37089121 
54.450265, 26.414733, 0.36935288 
55.462571, 26.787853, 0.36782194 
56.493697, 27.166336, 0.36629833 
57.543994, 27.550258, 0.36478201 
58.613816, 27.9397, 0.36327294 
59.703529, 28.334741, 0.36177107 
60.8135, 28.735464, 0.36027637 
61.944108, 29.141951, 0.35878879 
63.095734, 29.554286, 0.35730829 
64.268772, 29.972555, 0.35583483 
65.463617, 30.396843, 0.35436837 
66.680677, 30.827239, 0.35290888 
67.920363, 31.263831, 0.3514563 
69.183097, 31.706711, 0.3500106 
70.469307, 32.155969, 0.34857174 
71.779429, 32.611699, 0.34713969 
73.113908, 33.073995, 0.34571438 
74.473197, 33.542953, 0.3442958 
75.857758, 34.01867, 0.34288391 
77.268059, 34.501244, 0.34147866 
78.704579, 34.990777, 0.34008002 
80.167806, 35.487369, 0.33868795 
81.658237, 35.991123, 0.33730242 
83.176377, 36.502145, 0.33592338 
84.722741, 37.020539, 0.33455079 
86.297855, 37.546415, 0.33318463 
87.902252, 38.07988, 0.33182485 
89.536477, 38.621046, 0.33047142 
91.201084, 39.170026, 0.3291243 
92.896639, 39.726933, 0.32778346 
94.623716, 40.291884, 0.32644886 
96.382902, 40.864995, 0.32512047 
98.174794, 41.446387, 0.32379826 
100., 42.036179, 0.32248216 
101.85914, 42.634496, 0.32117217 
103.75284, 43.241461, 0.31986825 
105.68175, 43.857202, 0.31857036 
107.64652, 44.481845, 0.31727847 
109.64782, 45.115522, 0.31599254 
111.68632, 45.758365, 0.31471255 
113.76273, 46.410508, 0.31343846 
115.87774, 47.072086, 0.31217022 
118.03206, 47.743238, 0.31090783 
120.22644, 48.424104, 0.30965123 
122.46162, 49.114826, 0.30840039 
124.73835, 49.815548, 0.3071553 
127.05741, 50.526416, 0.3059159 
129.41958, 51.24758, 0.30468218 
131.82567, 51.97919, 0.3034541 
134.2765, 52.721398, 0.30223163 
136.77288, 53.47436, 0.30101473 
139.31568, 54.238234, 0.29980337 
141.90575, 55.013178, 0.29859754 
144.54398, 55.799356, 0.29739718 
147.23125, 56.596932, 0.29620229 
149.96848, 57.406073, 0.29501282 
152.75661, 58.226948, 0.29382874 
155.59656, 59.059729, 0.29265003 
158.48932, 59.90459, 0.29147665 
161.43586, 60.761709, 0.29030858 
164.43717, 61.631266, 0.28914579 
167.49429, 62.513442, 0.28798825 
170.60824, 63.408422, 0.28683592 
173.78008, 64.316394, 0.28568879 
177.0109, 65.23755, 0.28454682 
180.30177, 66.172081, 0.28340998 
183.65383, 67.120184, 0.28227826 
187.06821, 68.082059, 0.2811516 
190.54607, 69.057906, 0.28003 
194.08859, 70.047932, 0.27891342 
197.69696, 71.052343, 0.27780184 
201.37242, 72.071351, 0.27669523 
205.11622, 73.105171, 0.27559356 
208.92961, 74.154019, 0.2744968 
212.8139, 75.218116, 0.27340494 
216.77041, 76.297685, 0.27231794 
220.80047, 77.392955, 0.27123577 
224.90546, 78.504155, 0.27015842 
229.08677, 79.631518, 0.26908584 
233.34581, 80.775283, 0.26801803 
237.68403, 81.935691, 0.26695495 
242.1029, 83.112984, 0.26589659 
246.60393, 84.307412, 0.2648429 
251.18864, 85.519226, 0.26379387 
255.85859, 86.748681, 0.26274948 
260.61535, 87.996036, 0.26170968 
265.46056, 89.261555, 0.26067448 
270.39584, 90.545504, 0.25964383 
275.42287, 91.848153, 0.25861772 
280.54336, 93.169778, 0.25759613 
285.75905, 94.510657, 0.25657901 
291.07171, 95.871073, 0.25556637 
296.48314, 97.251314, 0.25455816 
301.99517, 98.65167, 0.25355436 
307.60968, 100.07244, 0.25255497 
313.32857, 101.51392, 0.25155994 
319.15379, 102.97641, 0.25056926 
325.0873, 104.46023, 0.2495829 
331.13112, 105.96568, 0.24860084 
337.28731, 107.4931, 0.24762306 
343.55795, 109.04279, 0.24664955 
349.94517, 110.61508, 0.24568026 
356.45113, 112.21032, 0.24471518 
363.07805, 113.82883, 0.2437543 
369.82818, 115.47096, 0.24279758 
376.7038, 117.13706, 0.24184501 
383.70725, 118.82747, 0.24089657 
390.8409, 120.54257, 0.23995223 
398.10717, 122.2827, 0.23901197 
405.50854, 124.04823, 0.23807578 
413.0475, 125.83955, 0.23714362 
420.72663, 127.65703, 0.23621548 
428.54852, 129.50105, 0.23529135 
436.51583, 131.37201, 0.23437119 
444.63127, 133.27031, 0.23345498 
452.89758, 135.19633, 0.23254272 
461.31757, 137.1505, 0.23163437 
469.89411, 139.13323, 0.23072992 
478.63009, 141.14493, 0.22982935 
487.52849, 143.18604, 0.22893263 
496.59232, 145.25699, 0.22803975 
505.82466, 147.35821, 0.22715069 
515.22864, 149.49015, 0.22626543 
524.80746, 151.65327, 0.22538395 
534.56436, 153.84802, 0.22450622 
544.50265, 156.07487, 0.22363224 
554.62571, 158.33429, 0.22276198 
564.93697, 160.62676, 0.22189542 
575.43994, 162.95277, 0.22103255 
586.13816, 165.31282, 0.22017335 
597.03529, 167.70739, 0.21931779 
608.135, 170.13701, 0.21846586 
619.44108, 172.60219, 0.21761754 
630.95734, 175.10345, 0.21677281 
642.68772, 177.64132, 0.21593165 
654.63617, 180.21635, 0.21509406 
666.80677, 182.82908, 0.21426 
679.20363, 185.48006, 0.21342946 
691.83097, 188.16987, 0.21260243 
704.69307, 190.89906, 0.21177888 
717.79429, 193.66823, 0.21095881 
731.13908, 196.47797, 0.21014218 
744.73197, 199.32886, 0.20932899 
758.57758, 202.22152, 0.20851921 
772.68059, 205.15656, 0.20771283 
787.04579, 208.1346, 0.20690984 
801.67806, 211.15629, 0.20611022 
816.58237, 214.22227, 0.20531394 
831.76377, 217.33318, 0.204521 
847.22741, 220.48969, 0.20373137 
862.97855, 223.69247, 0.20294505 
879.02252, 226.94221, 0.20216201 
895.36477, 230.2396, 0.20138223 
912.01084, 233.58534, 0.20060572 
928.96639, 236.98014, 0.19983244 
946.23716, 240.42472, 0.19906238 
963.82902, 243.91983, 0.19829552 
981.74794, 247.4662, 0.19753186 
1000., 251.0646, 0.19677136 
1018.5914, 254.71579, 0.19601403 
1037.5284, 258.42054, 0.19525983 
1056.8175, 262.17965, 0.19450876 
1076.4652, 265.99393, 0.19376083 
1096.4782, 269.86418, 0.19301596 
1116.8632, 273.79123, 0.1922742 
1137.6273, 277.77592, 0.19153549 
1158.7774, 281.8191, 0.19079984 
1180.3206, 285.92164, 0.19006723 
1202.2644, 290.0844, 0.18933764 
1224.6162, 294.30828, 0.18861106 
1247.3835, 298.59418, 0.18788747 
1270.5741, 302.94301, 0.18716687 
1294.1958, 307.35571, 0.18644923 
1318.2567, 311.83322, 0.18573454 
1342.765, 316.37648, 0.18502278 
1367.7288, 320.98649, 0.18431394 
1393.1568, 325.66421, 0.18360804 
1419.0575, 330.41065, 0.18290502 
1445.4398, 335.22683, 0.18220488 
1472.3125, 340.11377, 0.18150761 
1499.6848, 345.07251, 0.18081319 
1527.5661, 350.10413, 0.18012162 
1555.9656, 355.20969, 0.17943286 
1584.8932, 360.39029, 0.17874693 
1614.3586, 365.64703, 0.1780638 
1644.3717, 370.98104, 0.17738345 
1674.9429, 376.39346, 0.17670589 
1706.0824, 381.88545, 0.17603108 
1737.8008, 387.45818, 0.17535902 
1770.109, 393.11285, 0.17468968 
1803.0177, 398.85066, 0.17402309 
1836.5383, 404.67285, 0.1733592 
1870.6821, 410.58067, 0.172698 
1905.4607, 416.57536, 0.1720395 
1940.8859, 422.65823, 0.17138366 
1976.9696, 428.83057, 0.17073049 
2013.7242, 435.0937, 0.17007996 
2051.1622, 441.44897, 0.16943206 
2089.2961, 447.89773, 0.1687868 
2128.139, 454.44138, 0.16814413 
2167.7041, 461.0813, 0.16750407 
2208.0047, 467.81892, 0.1668666 
2249.0546, 474.6557, 0.1662317 
2290.8677, 481.59308, 0.16559935 
2333.4581, 488.63256, 0.16496956 
2376.8403, 495.77565, 0.16434233 
2421.029, 503.02388, 0.16371761 
2466.0393, 510.37881, 0.16309541 
2511.8864, 517.842, 0.16247571 
2558.5859, 525.41506, 0.1618585 
2606.1535, 533.09961, 0.16124378 
2654.6056, 540.89731, 0.16063152 
2703.9584, 548.80982, 0.16002173 
2754.2287, 556.83885, 0.15941438 
2805.4336, 564.98611, 0.15880947 
2857.5905, 573.25335, 0.15820699 
2910.7171, 581.64234, 0.15760691 
2964.8314, 590.15489, 0.15700924 
3019.9517, 598.79283, 0.15641396 
3076.0968, 607.558, 0.15582108 
3133.2857, 616.45229, 0.15523055 
3191.5379, 625.4776, 0.15464239 
3250.873, 634.63588, 0.15405658 
3311.3112, 643.92909, 0.1534731 
3372.8731, 653.35923, 0.15289196 
3435.5795, 662.92832, 0.15231312 
3499.4517, 672.63841, 0.1517366 
3564.5113, 682.49159, 0.15116238 
3630.7805, 692.48998, 0.15059044 
3698.2818, 702.63573, 0.15002078 
3767.038, 712.931, 0.14945338 
3837.0725, 723.37803, 0.14888824 
3908.409, 733.97904, 0.14832533 
3981.0717, 744.73632, 0.14776468 
4055.0854, 755.65218, 0.14720625 
4130.475, 766.72897, 0.14665003 
4207.2663, 777.96906, 0.14609603 
4285.4852, 789.37487, 0.14554421 
4365.1583, 800.94885, 0.14499458 
4446.3127, 812.6935, 0.14444713 
4528.9758, 824.61133, 0.14390184 
4613.1757, 836.7049, 0.14335872 
4698.9411, 848.97683, 0.14281774 
4786.3009, 861.42974, 0.1422789 
4875.2849, 874.06631, 0.14174218 
4965.9232, 886.88927, 0.14120759 
5058.2466, 899.90136, 0.1406751 
5152.2864, 913.10539, 0.14014472 
5248.0746, 926.5042, 0.13961644 
5345.6436, 940.10067, 0.13909023 
5445.0265, 953.89772, 0.1385661 
5546.2571, 967.89833, 0.13804403 
5649.3697, 982.1055, 0.13752401 
5754.3994, 996.52229, 0.13700605 
5861.3816, 1011.1518, 0.13649011 
5970.3529, 1025.9972, 0.13597621 
6081.35, 1041.0617, 0.13546433 
6194.4108, 1056.3484, 0.13495446 
6309.5734, 1071.8608, 0.13444658 
6426.8772, 1087.6021, 0.13394071 
6546.3617, 1103.5757, 0.13343681 
6668.0677, 1119.7851, 0.13293488 
6792.0363, 1136.2338, 0.13243495 
6918.3097, 1152.9252, 0.13193695 
7046.9307, 1169.8631, 0.13144091 
7177.9429, 1187.0509, 0.13094682 
7311.3908, 1204.4926, 0.13045464 
7447.3197, 1222.1917, 0.12996441 
7585.7758, 1240.1521, 0.12947608 
7726.8059, 1258.3777, 0.12898967 
7870.4579, 1276.8724, 0.12850515 
8016.7806, 1295.6402, 0.12802253 
8165.8237, 1314.6851, 0.12754179 
8317.6377, 1334.0112, 0.12706292 
8472.2741, 1353.6228, 0.12658593 
8629.7855, 1373.5239, 0.12611078 
8790.2252, 1393.719, 0.1256375 
8953.6477, 1414.2123, 0.12516607 
9120.1084, 1435.0083, 0.12469646 
9289.6639, 1456.1115, 0.12422869 
9462.3716, 1477.5264, 0.12376273 
9638.2902, 1499.2576, 0.12329858 
9817.4794, 1521.3098, 0.12283625 
10000., 1543.6877, 0.1223757 
10185.914, 1566.3962, 0.12191695 
10375.284, 1589.4403, 0.12145998 
10568.175, 1612.8247, 0.12100479 
10764.652, 1636.5547, 0.12055135 
10964.782, 1660.6352, 0.12009968 
11168.632, 1685.0716, 0.11964976 
11376.273, 1709.869, 0.11920158 
11587.774, 1735.0328, 0.11875516 
11803.206, 1760.5685, 0.11831044 
12022.644, 1786.4815, 0.11786746 
12246.162, 1812.7775, 0.11742619 
12473.835, 1839.4621, 0.11698663 
12705.741, 1866.541, 0.11654877 
12941.958, 1894.0201, 0.11611259 
13182.567, 1921.9054, 0.11567812 
13427.65, 1950.2028, 0.11524531 
13677.288, 1978.9185, 0.11481418 
13931.568, 2008.0586, 0.11438472 
14190.575, 2037.6295, 0.11395691 
14454.398, 2067.6374, 0.11353075 
14723.125, 2098.089, 0.11310623 
14996.848, 2128.9907, 0.11268337 
15275.661, 2160.3493, 0.11226212 
15559.656, 2192.1714, 0.1118425 
15848.932, 2224.4641, 0.1114245 
16143.586, 2257.2341, 0.11100811 
16443.717, 2290.4887, 0.11059332 
16749.429, 2324.2349, 0.11018013 
17060.824, 2358.4802, 0.10976853 
17378.008, 2393.2318, 0.10935851 
17701.09, 2428.4972, 0.10895007 
18030.177, 2464.2842, 0.1085432 
18365.383, 2500.6003, 0.10813789 
18706.821, 2537.4535, 0.10773414 
19054.607, 2574.8517, 0.10733193 
19408.859, 2612.803, 0.10693128 
19769.696, 2651.3156, 0.10653217 
20137.242, 2690.3977, 0.10613459 
20511.622, 2730.0579, 0.10573853 
20892.961, 2770.3047, 0.10534399 
21281.39, 2811.1467, 0.10495097 
21677.041, 2852.5929, 0.10455945 
22080.047, 2894.6521, 0.10416943 
22490.546, 2937.3335, 0.10378091 
22908.677, 2980.6463, 0.10339387 
23334.581, 3024.5997, 0.10300832 
23768.403, 3069.2034, 0.10262424 
24210.29, 3114.4669, 0.10224163 
24660.393, 3160.4001, 0.10186048 
25118.864, 3207.0128, 0.1014808 
25585.859, 3254.3151, 0.10110257 
26061.535, 3302.3173, 0.10072578 
26546.056, 3351.0297, 0.10035043 
27039.584, 3400.4629, 0.099976521 
27542.287, 3450.6274, 0.099604034 
28054.336, 3501.5343, 0.099232975 
28575.905, 3553.1944, 0.098863326 
29107.171, 3605.6189, 0.098495094 
29648.314, 3658.8192, 0.098128262 
30199.517, 3712.8067, 0.097762833 
30760.968, 3767.5932, 0.097398796 
31332.857, 3823.1904, 0.097036147 
31915.379, 3879.6104, 0.096674881 
32508.73, 3936.8654, 0.096314984 
33113.112, 3994.9677, 0.095956475 
33728.731, 4053.93, 0.095599322 
34355.795, 4113.7649, 0.095243529 
34994.517, 4174.4854, 0.094889096 
35645.113, 4236.1047, 0.094536004 
36307.805, 4298.6359, 0.094184263 
36982.818, 4362.0928, 0.093833855 
37670.38, 4426.4889, 0.093484782 
38370.725, 4491.8383, 0.093137038 
39084.09, 4558.155, 0.092790613 
39810.717, 4625.4533, 0.092445508 
40550.854, 4693.7479, 0.092101711 
41304.75, 4763.0535, 0.091759224 
42072.663, 4833.3851, 0.091418028 
42854.852, 4904.7579, 0.091078138 
43651.583, 4977.1873, 0.090739542 
44463.127, 5050.689, 0.090402222 
45289.758, 5125.2789, 0.090066189 
46131.757, 5200.9731, 0.089731426 
46989.411, 5277.788, 0.089397935 
47863.009, 5355.7403, 0.08906571 
48752.849, 5434.8467, 0.08873474 
49659.232, 5515.1244, 0.088405031 
50582.466, 5596.5907, 0.088076567 
51522.864, 5679.2634, 0.087749351 
52480.746, 5763.1601, 0.087423371 
53456.436, 5848.2992, 0.087098628 
54450.265, 5934.699, 0.086775111 
55462.571, 6022.3783, 0.086452819 
56493.697, 6111.3559, 0.086131759 
57543.994, 6201.6512, 0.085811902 
58613.816, 6293.2836, 0.08549326 
59703.529, 6386.2731, 0.085175823 
60813.5, 6480.6396, 0.084859584 
61944.108, 6576.4038, 0.084544546 
63095.734, 6673.5862, 0.084230693 
64268.772, 6772.2078, 0.083918031 
65463.617, 6872.2902, 0.083606549 
66680.677, 6973.8548, 0.083296244 
67920.363, 7076.9237, 0.082987112 
69183.097, 7181.5191, 0.082679146 
70469.307, 7287.6638, 0.082372344 
71779.429, 7395.3807, 0.082066693 
73113.908, 7504.6931, 0.08176221 
74473.197, 7615.6246, 0.08145887 
75857.758, 7728.1994, 0.081156673 
77268.059, 7842.4416, 0.080855621 
78704.579, 7958.3762, 0.080555699 
80167.806, 8076.0281, 0.080256912 
81658.237, 8195.4228, 0.079959249 
83176.377, 8316.5862, 0.079662709 
84722.741, 8439.5445, 0.079367289 
86297.855, 8564.3243, 0.079072979 
87902.252, 8690.9527, 0.078779782 
89536.477, 8819.457, 0.078487686 
91201.084, 8949.8651, 0.078196693 
92896.639, 9082.2052, 0.077906789 
94623.716, 9216.506, 0.077617984 
96382.902, 9352.7964, 0.07733027 
98174.794, 9491.1062, 0.077043631 
100000., 9631.4651, 0.076758077 
101859.14, 9773.9036, 0.076473593 
103752.84, 9918.4525, 0.076190181 
105681.75, 10065.143, 0.075907837 
107646.52, 10214.007, 0.07562655 
109647.82, 10365.077, 0.075346327 
111686.32, 10518.385, 0.075067153 
113762.73, 10673.965, 0.074789032 
115877.74, 10831.851, 0.074511953 
118032.06, 10992.075, 0.074235918 
120226.44, 11154.674, 0.073960917 
122461.62, 11319.683, 0.073686948 
124738.35, 11487.136, 0.073414019 
127057.41, 11657.071, 0.073142106 
129419.58, 11829.524, 0.072871217 
131825.67, 12004.533, 0.072601346 
134276.5, 12182.135, 0.072332484 
136772.88, 12362.37, 0.072064637 
139315.68, 12545.275, 0.07179779 
141905.75, 12730.891, 0.071531948 
144543.98, 12919.258, 0.071267102 
147231.25, 13110.416, 0.07100325 
149968.48, 13304.407, 0.070740388 
152756.61, 13501.274, 0.070478511 
155596.56, 13701.058, 0.070217617 
158489.32, 13903.803, 0.069957694 
161435.86, 14109.553, 0.069698758 
164437.17, 14318.353, 0.069440788 
167494.29, 14530.247, 0.069183782 
170608.24, 14745.282, 0.068927744 
173780.08, 14963.504, 0.06867266 
177010.9, 15184.96, 0.068418536 
180301.77, 15409.699, 0.068165361 
183653.83, 15637.769, 0.067913135 
187068.21, 15869.22, 0.067661855 
190546.07, 16104.101, 0.067411514 
194088.59, 16342.464, 0.067162112 
197696.96, 16584.36, 0.066913641 
201372.42, 16829.842, 0.066666104 
205116.22, 17078.963, 0.066419486 
208929.61, 17331.776, 0.066173796 
212813.9, 17588.338, 0.065929031 
216770.41, 17848.702, 0.065685173 
220800.47, 18112.926, 0.065442233 
224905.46, 18381.067, 0.065200198 
229086.77, 18653.183, 0.064959069 
233345.81, 18929.333, 0.064718844 
237684.03, 19209.577, 0.064479512 
242102.9, 19493.975, 0.06424108 
246603.93, 19782.589, 0.064003536 
251188.64, 20075.482, 0.063766882 
255858.59, 20372.718, 0.063531111 
260615.35, 20674.359, 0.063296221 
265460.56, 20980.473, 0.063062208 
270395.84, 21291.126, 0.062829066 
275422.87, 21606.384, 0.062596805 
280543.36, 21926.315, 0.062365404 
285759.05, 22250.991, 0.062134869 
291071.71, 22580.48, 0.061905197 
296483.14, 22914.854, 0.061676378 
301995.17, 23254.185, 0.061448418 
307609.68, 23598.548, 0.061221305 
313328.57, 23948.017, 0.060995041 
319153.79, 24302.667, 0.060769623 
325087.3, 24662.575, 0.060545044 
331131.12, 25027.82, 0.060321305 
337287.31, 25398.481, 0.060098398 
343557.95, 25774.637, 0.059876326 
349945.17, 26156.371, 0.059655075 
356451.13, 26543.766, 0.059434658 
363078.05, 26936.904, 0.059215062 
369828.18, 27335.872, 0.058996281 
376703.8, 27740.756, 0.05877832 
383707.25, 28151.644, 0.058561168 
390840.9, 28568.624, 0.058344827 
398107.17, 28991.788, 0.058129293 
405508.54, 29421.226, 0.05791456 
413047.5, 29857.033, 0.057700631 
420726.63, 30299.302, 0.057487495 
428548.52, 30748.129, 0.057275157 
436515.83, 31203.612, 0.057063607 
444631.27, 31665.85, 0.056852847 
452897.58, 32134.942, 0.056642869 
461317.57, 32610.991, 0.056433674 
469894.11, 33094.099, 0.056225265 
478630.09, 33584.372, 0.056017625 
487528.49, 34081.915, 0.055810761 
496592.32, 34586.837, 0.055604667 
505824.66, 35099.247, 0.055399338 
515228.64, 35619.256, 0.055194777 
524807.46, 36146.977, 0.054990974 
534564.36, 36682.524, 0.054787933 
544502.65, 37226.014, 0.054585645 
554625.71, 37777.564, 0.05438411 
564936.97, 38337.294, 0.054183326 
575439.94, 38905.325, 0.053983288 
586138.16, 39481.78, 0.053783995 
597035.29, 40066.785, 0.053585439 
608135., 40660.466, 0.05338763 
619441.08, 41262.953, 0.053190553 
630957.34, 41874.375, 0.052994208 
642687.72, 42494.865, 0.052798595 
654636.17, 43124.558, 0.052603707 
666806.77, 43763.591, 0.052409546 
679203.63, 44412.101, 0.052216105 
691830.97, 45070.23, 0.052023384 
704693.07, 45738.121, 0.05183138 
717794.29, 46415.918, 0.051640088 
731139.08, 47103.767, 0.051449509 
744731.97, 47801.82, 0.051259636 
758577.58, 48510.226, 0.051070472 
772680.59, 49229.139, 0.050882004 
787045.79, 49958.716, 0.050694243 
801678.06, 50699.115, 0.05050718 
816582.37, 51450.495, 0.050320808 
831763.77, 52213.021, 0.050135132 
847227.41, 52986.857, 0.049950143 
862978.55, 53772.172, 0.049765842 
879022.52, 54569.135, 0.049582227 
895364.77, 55377.92, 0.049399291 
912010.84, 56198.701, 0.049217037 
928966.39, 57031.658, 0.049035457 
946237.16, 57876.97, 0.048854554 
963829.02, 58734.822, 0.048674321 
981747.94, 59605.398, 0.048494757 
1000000., 60488.889, 0.048315859 
1018591.4, 61385.485, 0.048137623 
1037528.4, 62295.381, 0.047960057 
1056817.5, 63218.774, 0.047783143 
1076465.2, 64155.865, 0.047606888 
1096478.2, 65106.858, 0.047431287 
1116863.2, 66071.957, 0.047256336 
1137627.3, 67051.373, 0.047082037 
1158777.4, 68045.318, 0.046908381 
1180320.6, 69054.008, 0.046735372 
1202264.4, 70077.662, 0.046563004 
1224616.2, 71116.501, 0.046391275 
1247383.5, 72170.751, 0.046220184 
1270574.1, 73240.64, 0.046049726 
1294195.8, 74326.402, 0.045879902 
1318256.7, 75428.27, 0.045710702 
1342765., 76546.485, 0.045542138 
1367728.8, 77681.289, 0.045374196 
1393156.8, 78832.928, 0.045206875 
1419057.5, 80001.651, 0.045040178 
1445439.8, 81187.714, 0.044874095 
1472312.5, 82391.372, 0.04470863 
1499684.8, 83612.887, 0.044543778 
1527566.1, 84852.524, 0.044379536 
1555965.6, 86110.551, 0.044215905 
1584893.2, 87387.243, 0.044052878 
